0	0.04	0.08	0.12	0.16	0.2	0.24	0.28	0.32	0.36	0.4	0.44	0.48	0.52	0.56	0.6	0.64	0.68	0.72	0.76	0.8	0.84	0.88	0.92	0.96	1	0	0.04	0.08	0.12	0.16	0.2	0.24	0.28	0.32	0.36	0.4	0.44	0.48	0.52	0.56	0.6	0.64	0.68	0.72	0.76	0.8	0.84	0.88	0.92	0.96	1	0	0.04	0.08	0.12	0.16	0.2	0.24	0.28	0.32	0.36	0.4	0.44	0.48	0.52	0.56	0.6	0.64	0.68	0.72	0.76	0.8	0.84	0.88	0.92	0.96	1	0	0.04	0.08	0.12	0.16	0.2	0.24	0.28	0.32	0.36	0.4	0.44	0.48	0.52	0.56	0.6	0.64	0.68	0.72	0.76	0.8	0.84	0.88	0.92	0.96	1	0	0.04	0.08	0.12	0.16	0.2	0.24	0.28	0.32	0.36	0.4	0.44	0.48	0.52	0.56	0.6	0.64	0.68	0.72	0.76	0.8	0.84	0.88	0.92	0.96	1	0	0.04	0.08	0.12	0.16	0.2	0.24	0.28	0.32	0.36	0.4	0.44	0.48	0.52	0.56	0.6	0.64	0.68	0.72	0.76	0.8	0.84	0.88	0.92	0.96	1	0	0.04	0.08	0.12	0.16	0.2	0.24	0.28	0.32	0.36	0.4	0.44	0.48	0.52	0.56	0.6	0.64	0.68	0.72	0.76	0.8	0.84	0.88	0.92	0.96	1	0	0.04	0.08	0.12	0.16	0.2	0.24	0.28	0.32	0.36	0.4	0.44	0.48	0.52	0.56	0.6	0.64	0.68	0.72	0.76	0.8	0.84	0.88	0.92	0.96	1	0	0.04	0.08	0.12	0.16	0.2	0.24	0.28	0.32	0.36	0.4	0.44	0.48	0.52	0.56	0.6	0.64	0.68	0.72	0.76	0.8	0.84	0.88	0.92	0.96	1	0	0.04	0.08	0.12	0.16	0.2	0.24	0.28	0.32	0.36	0.4	0.44	0.48	0.52	0.56	0.6	0.64	0.68	0.72	0.76	0.8	0.84	0.88	0.92	0.96	1	0	0.04	0.08	0.12	0.16	0.2	0.24	0.28	0.32	0.36	0.4	0.44	0.48	0.52	0.56	0.6	0.64	0.68	0.72	0.76	0.8	0.84	0.88	0.92	0.96	1	0	0.04	0.08	0.12	0.16	0.2	0.24	0.28	0.32	0.36	0.4	0.44	0.48	0.52	0.56	0.6	0.64	0.68	0.72	0.76	0.8	0.84	0.88	0.92	0.96	1	0	0.04	0.08	0.12	0.16	0.2	0.24	0.28	0.32	0.36	0.4	0.44	0.48	0.52	0.56	0.6	0.64	0.68	0.72	0.76	0.8	0.84	0.88	0.92	0.96	1	0	0.04	0.08	0.12	0.16	0.2	0.24	0.28	0.32	0.36	0.4	0.44	0.48	0.52	0.56	0.6	0.64	0.68	0.72	0.76	0.8	0.84	0.88	0.92	0.96	1	0	0.04	0.08	0.12	0.16	0.2	0.24	0.28	0.32	0.36	0.4	0.44	0.48	0.52	0.56	0.6	0.64	0.68	0.72	0.76	0.8	0.84	0.88	0.92	0.96	1	0	0.04	0.08	0.12	0.16	0.2	0.24	0.28	0.32	0.36	0.4	0.44	0.48	0.52	0.56	0.6	0.64	0.68	0.72	0.76	0.8	0.84	0.88	0.92	0.96	1	0	0.04	0.08	0.12	0.16	0.2	0.24	0.28	0.32	0.36	0.4	0.44	0.48	0.52	0.56	0.6	0.64	0.68	0.72	0.76	0.8	0.84	0.88	0.92	0.96	1	0	0.04	0.08	0.12	0.16	0.2	0.24	0.28	0.32	0.36	0.4	0.44	0.48	0.52	0.56	0.6	0.64	0.68	0.72	0.76	0.8	0.84	0.88	0.92	0.96	1	0	0.04	0.08	0.12	0.16	0.2	0.24	0.28	0.32	0.36	0.4	0.44	0.48	0.52	0.56	0.6	0.64	0.68	0.72	0.76	0.8	0.84	0.88	0.92	0.96	1	0	0.04	0.08	0.12	0.16	0.2	0.24	0.28	0.32	0.36	0.4	0.44	0.48	0.52	0.56	0.6	0.64	0.68	0.72	0.76	0.8	0.84	0.88	0.92	0.96	1	0	0.04	0.08	0.12	0.16	0.2	0.24	0.28	0.32	0.36	0.4	0.44	0.48	0.52	0.56	0.6	0.64	0.68	0.72	0.76	0.8	0.84	0.88	0.92	0.96	1	0	0.04	0.08	0.12	0.16	0.2	0.24	0.28	0.32	0.36	0.4	0.44	0.48	0.52	0.56	0.6	0.64	0.68	0.72	0.76	0.8	0.84	0.88	0.92	0.96	1	0	0.04	0.08	0.12	0.16	0.2	0.24	0.28	0.32	0.36	0.4	0.44	0.48	0.52	0.56	0.6	0.64	0.68	0.72	0.76	0.8	0.84	0.88	0.92	0.96	1	0	0.04	0.08	0.12	0.16	0.2	0.24	0.28	0.32	0.36	0.4	0.44	0.48	0.52	0.56	0.6	0.64	0.68	0.72	0.76	0.8	0.84	0.88	0.92	0.96	1	0	0.04	0.08	0.12	0.16	0.2	0.24	0.28	0.32	0.36	0.4	0.44	0.48	0.52	0.56	0.6	0.64	0.68	0.72	0.76	0.8	0.84	0.88	0.92	0.96	1	0	0.04	0.08	0.12	0.16	0.2	0.24	0.28	0.32	0.36	0.4	0.44	0.48	0.52	0.56	0.6	0.64	0.68	0.72	0.76	0.8	0.84	0.88	0.92	0.96	1
0	0	0	0	0	0	0	0	0	0	0	0	0	0	0	0	0	0	0	0	0	0	0	0	0	0	0.04	0.04	0.04	0.04	0.04	0.04	0.04	0.04	0.04	0.04	0.04	0.04	0.04	0.04	0.04	0.04	0.04	0.04	0.04	0.04	0.04	0.04	0.04	0.04	0.04	0.04	0.08	0.08	0.08	0.08	0.08	0.08	0.08	0.08	0.08	0.08	0.08	0.08	0.08	0.08	0.08	0.08	0.08	0.08	0.08	0.08	0.08	0.08	0.08	0.08	0.08	0.08	0.12	0.12	0.12	0.12	0.12	0.12	0.12	0.12	0.12	0.12	0.12	0.12	0.12	0.12	0.12	0.12	0.12	0.12	0.12	0.12	0.12	0.12	0.12	0.12	0.12	0.12	0.16	0.16	0.16	0.16	0.16	0.16	0.16	0.16	0.16	0.16	0.16	0.16	0.16	0.16	0.16	0.16	0.16	0.16	0.16	0.16	0.16	0.16	0.16	0.16	0.16	0.16	0.2	0.2	0.2	0.2	0.2	0.2	0.2	0.2	0.2	0.2	0.2	0.2	0.2	0.2	0.2	0.2	0.2	0.2	0.2	0.2	0.2	0.2	0.2	0.2	0.2	0.2	0.24	0.24	0.24	0.24	0.24	0.24	0.24	0.24	0.24	0.24	0.24	0.24	0.24	0.24	0.24	0.24	0.24	0.24	0.24	0.24	0.24	0.24	0.24	0.24	0.24	0.24	0.28	0.28	0.28	0.28	0.28	0.28	0.28	0.28	0.28	0.28	0.28	0.28	0.28	0.28	0.28	0.28	0.28	0.28	0.28	0.28	0.28	0.28	0.28	0.28	0.28	0.28	0.32	0.32	0.32	0.32	0.32	0.32	0.32	0.32	0.32	0.32	0.32	0.32	0.32	0.32	0.32	0.32	0.32	0.32	0.32	0.32	0.32	0.32	0.32	0.32	0.32	0.32	0.36	0.36	0.36	0.36	0.36	0.36	0.36	0.36	0.36	0.36	0.36	0.36	0.36	0.36	0.36	0.36	0.36	0.36	0.36	0.36	0.36	0.36	0.36	0.36	0.36	0.36	0.4	0.4	0.4	0.4	0.4	0.4	0.4	0.4	0.4	0.4	0.4	0.4	0.4	0.4	0.4	0.4	0.4	0.4	0.4	0.4	0.4	0.4	0.4	0.4	0.4	0.4	0.44	0.44	0.44	0.44	0.44	0.44	0.44	0.44	0.44	0.44	0.44	0.44	0.44	0.44	0.44	0.44	0.44	0.44	0.44	0.44	0.44	0.44	0.44	0.44	0.44	0.44	0.48	0.48	0.48	0.48	0.48	0.48	0.48	0.48	0.48	0.48	0.48	0.48	0.48	0.48	0.48	0.48	0.48	0.48	0.48	0.48	0.48	0.48	0.48	0.48	0.48	0.48	0.52	0.52	0.52	0.52	0.52	0.52	0.52	0.52	0.52	0.52	0.52	0.52	0.52	0.52	0.52	0.52	0.52	0.52	0.52	0.52	0.52	0.52	0.52	0.52	0.52	0.52	0.56	0.56	0.56	0.56	0.56	0.56	0.56	0.56	0.56	0.56	0.56	0.56	0.56	0.56	0.56	0.56	0.56	0.56	0.56	0.56	0.56	0.56	0.56	0.56	0.56	0.56	0.6	0.6	0.6	0.6	0.6	0.6	0.6	0.6	0.6	0.6	0.6	0.6	0.6	0.6	0.6	0.6	0.6	0.6	0.6	0.6	0.6	0.6	0.6	0.6	0.6	0.6	0.64	0.64	0.64	0.64	0.64	0.64	0.64	0.64	0.64	0.64	0.64	0.64	0.64	0.64	0.64	0.64	0.64	0.64	0.64	0.64	0.64	0.64	0.64	0.64	0.64	0.64	0.68	0.68	0.68	0.68	0.68	0.68	0.68	0.68	0.68	0.68	0.68	0.68	0.68	0.68	0.68	0.68	0.68	0.68	0.68	0.68	0.68	0.68	0.68	0.68	0.68	0.68	0.72	0.72	0.72	0.72	0.72	0.72	0.72	0.72	0.72	0.72	0.72	0.72	0.72	0.72	0.72	0.72	0.72	0.72	0.72	0.72	0.72	0.72	0.72	0.72	0.72	0.72	0.76	0.76	0.76	0.76	0.76	0.76	0.76	0.76	0.76	0.76	0.76	0.76	0.76	0.76	0.76	0.76	0.76	0.76	0.76	0.76	0.76	0.76	0.76	0.76	0.76	0.76	0.8	0.8	0.8	0.8	0.8	0.8	0.8	0.8	0.8	0.8	0.8	0.8	0.8	0.8	0.8	0.8	0.8	0.8	0.8	0.8	0.8	0.8	0.8	0.8	0.8	0.8	0.84	0.84	0.84	0.84	0.84	0.84	0.84	0.84	0.84	0.84	0.84	0.84	0.84	0.84	0.84	0.84	0.84	0.84	0.84	0.84	0.84	0.84	0.84	0.84	0.84	0.84	0.88	0.88	0.88	0.88	0.88	0.88	0.88	0.88	0.88	0.88	0.88	0.88	0.88	0.88	0.88	0.88	0.88	0.88	0.88	0.88	0.88	0.88	0.88	0.88	0.88	0.88	0.92	0.92	0.92	0.92	0.92	0.92	0.92	0.92	0.92	0.92	0.92	0.92	0.92	0.92	0.92	0.92	0.92	0.92	0.92	0.92	0.92	0.92	0.92	0.92	0.92	0.92	0.96	0.96	0.96	0.96	0.96	0.96	0.96	0.96	0.96	0.96	0.96	0.96	0.96	0.96	0.96	0.96	0.96	0.96	0.96	0.96	0.96	0.96	0.96	0.96	0.96	0.96	1	1	1	1	1	1	1	1	1	1	1	1	1	1	1	1	1	1	1	1	1	1	1	1	1	1
0.03457341058	0.03243693957	0.03679126652	0.04246438059	0.05010284348	0.05786739228	0.06641432779	0.0746999049	0.08275163117	0.08953028591	0.09475792069	0.09802899376	0.09958949071	0.09958949071	0.09802899376	0.09475792069	0.08953028591	0.08275163117	0.0746999049	0.06641432779	0.05786739228	0.05010284348	0.04246438059	0.03679126652	0.03243693957	0.03457341058	0.03243693957	0.0282829603	0.030859289	0.03502427712	0.04106903427	0.04737082958	0.05441943383	0.06132566918	0.06808401631	0.07382862156	0.07831079942	0.08116642349	0.08255030911	0.08255030911	0.08116642349	0.07831079942	0.07382862156	0.06808401631	0.06132566918	0.05441943383	0.04737082958	0.04106903427	0.03502427712	0.030859289	0.0282829603	0.03243693957	0.03679126652	0.030859289	0.0322173574	0.0353828726	0.04045003181	0.04574010954	0.05175761577	0.05763765735	0.06343167833	0.06830250464	0.07206760605	0.07440445498	0.07551948504	0.07551948504	0.07440445498	0.07206760605	0.06830250464	0.06343167833	0.05763765735	0.05175761577	0.04574010954	0.04045003181	0.0353828726	0.0322173574	0.030859289	0.03679126652	0.04246438059	0.03502427712	0.0353828726	0.03770444039	0.04195196063	0.04632139433	0.05137473452	0.05624273039	0.06107770967	0.06505322474	0.06807107589	0.06984681611	0.07066449729	0.07066449729	0.06984681611	0.06807107589	0.06505322474	0.06107770967	0.05624273039	0.05137473452	0.04632139433	0.04195196063	0.03770444039	0.0353828726	0.03502427712	0.04246438059	0.05010284348	0.04106903427	0.04045003181	0.04195196063	0.04548012282	0.04902310462	0.05324375599	0.0572343843	0.06127600018	0.06451645673	0.06693350195	0.0682485887	0.06882088059	0.06882088059	0.0682485887	0.06693350195	0.06451645673	0.06127600018	0.0572343843	0.05324375599	0.04902310462	0.04548012282	0.04195196063	0.04045003181	0.04106903427	0.05010284348	0.05786739228	0.04737082958	0.04574010954	0.04632139433	0.04902310462	0.05163604382	0.05494747185	0.0580210197	0.06127891129	0.06383332331	0.06572140528	0.0666419403	0.06700827928	0.06700827928	0.0666419403	0.06572140528	0.06383332331	0.06127891129	0.0580210197	0.05494747185	0.05163604382	0.04902310462	0.04632139433	0.04574010954	0.04737082958	0.05786739228	0.06641432779	0.05441943383	0.05175761577	0.05137473452	0.05324375599	0.05494747185	0.05743805397	0.05974811564	0.06244136221	0.06455171331	0.06613772889	0.06683111628	0.06708021252	0.06708021252	0.06683111628	0.06613772889	0.06455171331	0.06244136221	0.05974811564	0.05743805397	0.05494747185	0.05324375599	0.05137473452	0.05175761577	0.05441943383	0.06641432779	0.0746999049	0.06132566918	0.05763765735	0.05624273039	0.0572343843	0.0580210197	0.05974811564	0.0614340634	0.06377040118	0.06567856732	0.06719179131	0.06783228502	0.06805720542	0.06805720542	0.06783228502	0.06719179131	0.06567856732	0.06377040118	0.0614340634	0.05974811564	0.0580210197	0.0572343843	0.05624273039	0.05763765735	0.06132566918	0.0746999049	0.08275163117	0.06808401631	0.06343167833	0.06107770967	0.06127600018	0.06127891129	0.06244136221	0.06377040118	0.06606527869	0.06810049782	0.06983851078	0.07065015041	0.07097068764	0.07097068764	0.07065015041	0.06983851078	0.06810049782	0.06606527869	0.06377040118	0.06244136221	0.06127891129	0.06127600018	0.06107770967	0.06343167833	0.06808401631	0.08275163117	0.08953028591	0.07382862156	0.06830250464	0.06505322474	0.06451645673	0.06383332331	0.06455171331	0.06567856732	0.06810049782	0.07044731577	0.07258653203	0.07371700205	0.07421693028	0.07421693028	0.07371700205	0.07258653203	0.07044731577	0.06810049782	0.06567856732	0.06455171331	0.06383332331	0.06451645673	0.06505322474	0.06830250464	0.07382862156	0.08953028591	0.09475792069	0.07831079942	0.07206760605	0.06807107589	0.06693350195	0.06572140528	0.06613772889	0.06719179131	0.06983851078	0.07258653203	0.07520779227	0.07673254799	0.07745723463	0.07745723463	0.07673254799	0.07520779227	0.07258653203	0.06983851078	0.06719179131	0.06613772889	0.06572140528	0.06693350195	0.06807107589	0.07206760605	0.07831079942	0.09475792069	0.09802899376	0.08116642349	0.07440445498	0.06984681611	0.0682485887	0.0666419403	0.06683111628	0.06783228502	0.07065015041	0.07371700205	0.07673254799	0.07859414906	0.07951526705	0.07951526705	0.07859414906	0.07673254799	0.07371700205	0.07065015041	0.06783228502	0.06683111628	0.0666419403	0.0682485887	0.06984681611	0.07440445498	0.08116642349	0.09802899376	0.09958949071	0.08255030911	0.07551948504	0.07066449729	0.06882088059	0.06700827928	0.06708021252	0.06805720542	0.07097068764	0.07421693028	0.07745723463	0.07951526705	0.08055230653	0.08055230653	0.07951526705	0.07745723463	0.07421693028	0.07097068764	0.06805720542	0.06708021252	0.06700827928	0.06882088059	0.07066449729	0.07551948504	0.08255030911	0.09958949071	0.09958949071	0.08255030911	0.07551948504	0.07066449729	0.06882088059	0.06700827928	0.06708021252	0.06805720542	0.07097068764	0.07421693028	0.07745723463	0.07951526705	0.08055230653	0.08055230653	0.07951526705	0.07745723463	0.07421693028	0.07097068764	0.06805720542	0.06708021252	0.06700827928	0.06882088059	0.07066449729	0.07551948504	0.08255030911	0.09958949071	0.09802899376	0.08116642349	0.07440445498	0.06984681611	0.0682485887	0.0666419403	0.06683111628	0.06783228502	0.07065015041	0.07371700205	0.07673254799	0.07859414906	0.07951526705	0.07951526705	0.07859414906	0.07673254799	0.07371700205	0.07065015041	0.06783228502	0.06683111628	0.0666419403	0.0682485887	0.06984681611	0.07440445498	0.08116642349	0.09802899376	0.09475792069	0.07831079942	0.07206760605	0.06807107589	0.06693350195	0.06572140528	0.06613772889	0.06719179131	0.06983851078	0.07258653203	0.07520779227	0.07673254799	0.07745723463	0.07745723463	0.07673254799	0.07520779227	0.07258653203	0.06983851078	0.06719179131	0.06613772889	0.06572140528	0.06693350195	0.06807107589	0.07206760605	0.07831079942	0.09475792069	0.08953028591	0.07382862156	0.06830250464	0.06505322474	0.06451645673	0.06383332331	0.06455171331	0.06567856732	0.06810049782	0.07044731577	0.07258653203	0.07371700205	0.07421693028	0.07421693028	0.07371700205	0.07258653203	0.07044731577	0.06810049782	0.06567856732	0.06455171331	0.06383332331	0.06451645673	0.06505322474	0.06830250464	0.07382862156	0.08953028591	0.08275163117	0.06808401631	0.06343167833	0.06107770967	0.06127600018	0.06127891129	0.06244136221	0.06377040118	0.06606527869	0.06810049782	0.06983851078	0.07065015041	0.07097068764	0.07097068764	0.07065015041	0.06983851078	0.06810049782	0.06606527869	0.06377040118	0.06244136221	0.06127891129	0.06127600018	0.06107770967	0.06343167833	0.06808401631	0.08275163117	0.0746999049	0.06132566918	0.05763765735	0.05624273039	0.0572343843	0.0580210197	0.05974811564	0.0614340634	0.06377040118	0.06567856732	0.06719179131	0.06783228502	0.06805720542	0.06805720542	0.06783228502	0.06719179131	0.06567856732	0.06377040118	0.0614340634	0.05974811564	0.0580210197	0.0572343843	0.05624273039	0.05763765735	0.06132566918	0.0746999049	0.06641432779	0.05441943383	0.05175761577	0.05137473452	0.05324375599	0.05494747185	0.05743805397	0.05974811564	0.06244136221	0.06455171331	0.06613772889	0.06683111628	0.06708021252	0.06708021252	0.06683111628	0.06613772889	0.06455171331	0.06244136221	0.05974811564	0.05743805397	0.05494747185	0.05324375599	0.05137473452	0.05175761577	0.05441943383	0.06641432779	0.05786739228	0.04737082958	0.04574010954	0.04632139433	0.04902310462	0.05163604382	0.05494747185	0.0580210197	0.06127891129	0.06383332331	0.06572140528	0.0666419403	0.06700827928	0.06700827928	0.0666419403	0.06572140528	0.06383332331	0.06127891129	0.0580210197	0.05494747185	0.05163604382	0.04902310462	0.04632139433	0.04574010954	0.04737082958	0.05786739228	0.05010284348	0.04106903427	0.04045003181	0.04195196063	0.04548012282	0.04902310462	0.05324375599	0.0572343843	0.06127600018	0.06451645673	0.06693350195	0.0682485887	0.06882088059	0.06882088059	0.0682485887	0.06693350195	0.06451645673	0.06127600018	0.0572343843	0.05324375599	0.04902310462	0.04548012282	0.04195196063	0.04045003181	0.04106903427	0.05010284348	0.04246438059	0.03502427712	0.0353828726	0.03770444039	0.04195196063	0.04632139433	0.05137473452	0.05624273039	0.06107770967	0.06505322474	0.06807107589	0.06984681611	0.07066449729	0.07066449729	0.06984681611	0.06807107589	0.06505322474	0.06107770967	0.05624273039	0.05137473452	0.04632139433	0.04195196063	0.03770444039	0.0353828726	0.03502427712	0.04246438059	0.03679126652	0.030859289	0.0322173574	0.0353828726	0.04045003181	0.04574010954	0.05175761577	0.05763765735	0.06343167833	0.06830250464	0.07206760605	0.07440445498	0.07551948504	0.07551948504	0.07440445498	0.07206760605	0.06830250464	0.06343167833	0.05763765735	0.05175761577	0.04574010954	0.04045003181	0.0353828726	0.0322173574	0.030859289	0.03679126652	0.03243693957	0.0282829603	0.030859289	0.03502427712	0.04106903427	0.04737082958	0.05441943383	0.06132566918	0.06808401631	0.07382862156	0.07831079942	0.08116642349	0.08255030911	0.08255030911	0.08116642349	0.07831079942	0.07382862156	0.06808401631	0.06132566918	0.05441943383	0.04737082958	0.04106903427	0.03502427712	0.030859289	0.0282829603	0.03243693957	0.03457341058	0.03243693957	0.03679126652	0.04246438059	0.05010284348	0.05786739228	0.06641432779	0.0746999049	0.08275163117	0.08953028591	0.09475792069	0.09802899376	0.09958949071	0.09958949071	0.09802899376	0.09475792069	0.08953028591	0.08275163117	0.0746999049	0.06641432779	0.05786739228	0.05010284348	0.04246438059	0.03679126652	0.03243693957	0.03457341058
-0.001737339559	-0.008272615266	-0.01312942386	-0.01620538112	-0.01845255678	-0.01939595931	-0.01962665302	-0.01883382227	-0.01729755523	-0.01466318219	-0.01119363717	-0.006937934953	-0.002368818465	0.002368818465	0.006937934953	0.01119363717	0.01466318219	0.01729755523	0.01883382227	0.01962665302	0.01939595931	0.01845255678	0.01620538112	0.01312942386	0.008272615266	0.001737339559	-0.001757019008	-0.01100498851	-0.01803779642	-0.02267348384	-0.02611581441	-0.02766913208	-0.02813466358	-0.02707519906	-0.02492098723	-0.02119954537	-0.0162612964	-0.01013734877	-0.003471856839	0.003471856839	0.01013734877	0.0162612964	0.02119954537	0.02492098723	0.02707519906	0.02813466358	0.02766913208	0.02611581441	0.02267348384	0.01803779642	0.01100498851	0.001757019008	-0.001570193783	-0.01266185251	-0.02133036005	-0.02710265338	-0.03127545635	-0.0330380888	-0.03341182376	-0.03193276686	-0.02922906023	-0.02475719308	-0.01896009931	-0.01180998524	-0.004048437969	0.004048437969	0.01180998524	0.01896009931	0.02475719308	0.02922906023	0.03193276686	0.03341182376	0.0330380888	0.03127545635	0.02710265338	0.02133036005	0.01266185251	0.001570193783	-0.001320979104	-0.01378187868	-0.02374270624	-0.03038437631	-0.03503204294	-0.03680160274	-0.03692903409	-0.03496111148	-0.0317438758	-0.0266939662	-0.02035597896	-0.01263598011	-0.004330666981	0.004330666981	0.01263598011	0.02035597896	0.0266939662	0.0317438758	0.03496111148	0.03692903409	0.03680160274	0.03503204294	0.03038437631	0.02374270624	0.01378187868	0.001320979104	-0.001011692334	-0.01484733868	-0.02622149692	-0.03380303853	-0.03894125396	-0.04065094984	-0.04043745889	-0.0378709191	-0.03407011237	-0.02840754382	-0.02155001046	-0.01331818298	-0.00456266601	0.00456266601	0.01331818298	0.02155001046	0.02840754382	0.03407011237	0.0378709191	0.04043745889	0.04065094984	0.03894125396	0.03380303853	0.02622149692	0.01484733868	0.001011692334	-0.0006417974019	-0.0155247953	-0.02812482728	-0.03651264013	-0.04202601355	-0.04358008075	-0.04296076478	-0.03978374593	-0.03545582917	-0.02930668569	-0.02211810151	-0.01360692763	-0.004660908317	0.004660908317	0.01360692763	0.02211810151	0.02930668569	0.03545582917	0.03978374593	0.04296076478	0.04358008075	0.04202601355	0.03651264013	0.02812482728	0.0155247953	0.0006417974019	-0.0002774379715	-0.01619381313	-0.03005466885	-0.0392630366	-0.04515421585	-0.04652613891	-0.04548084303	-0.04168767243	-0.03685673869	-0.03024610319	-0.02274380702	-0.01394159485	-0.004778187746	0.004778187746	0.01394159485	0.02274380702	0.03024610319	0.03685673869	0.04168767243	0.04548084303	0.04652613891	0.04515421585	0.0392630366	0.03005466885	0.01619381313	0.0002774379715	0.0001027823958	-0.01662234894	-0.03158981462	-0.04150212373	-0.0476883311	-0.04883607567	-0.04736936895	-0.04302585146	-0.03780197351	-0.03085873283	-0.02316306395	-0.01416564659	-0.004861599521	0.004861599521	0.01416564659	0.02316306395	0.03085873283	0.03780197351	0.04302585146	0.04736936895	0.04883607567	0.0476883311	0.04150212373	0.03158981462	0.01662234894	-0.0001027823958	0.0004848378662	-0.01695163774	-0.03296240112	-0.04354079312	-0.05002229851	-0.05098157119	-0.04915969381	-0.04435573887	-0.03882727666	-0.03161340409	-0.02373895307	-0.01450927368	-0.004989644104	0.004989644104	0.01450927368	0.02373895307	0.03161340409	0.03882727666	0.04435573887	0.04915969381	0.05098157119	0.05002229851	0.04354079312	0.03296240112	0.01695163774	-0.0004848378662	0.0008890325744	-0.01692694438	-0.03373183798	-0.04483620889	-0.05156146404	-0.0523774274	-0.05029400493	-0.04515958255	-0.03944955855	-0.03208606188	-0.02413140714	-0.01475596674	-0.005086218541	0.005086218541	0.01475596674	0.02413140714	0.03208606188	0.03944955855	0.04515958255	0.05029400493	0.0523774274	0.05156146404	0.04483620889	0.03373183798	0.01692694438	-0.0008890325744	0.001256346453	-0.01666756236	-0.03402198694	-0.04552513182	-0.05246490253	-0.05321265107	-0.05097943616	-0.04563911066	-0.03983637648	-0.03239849283	-0.02441468059	-0.01494499712	-0.005162528359	0.005162528359	0.01494499712	0.02441468059	0.03239849283	0.03983637648	0.04563911066	0.05097943616	0.05321265107	0.05246490253	0.04552513182	0.03402198694	0.01666756236	-0.001256346453	0.001544654505	-0.01623707325	-0.03385445261	-0.04558667183	-0.0526688195	-0.05339454331	-0.05109557544	-0.04565422306	-0.03982932014	-0.03239065857	-0.02444561222	-0.01497764334	-0.005182498852	0.005182498852	0.01497764334	0.02444561222	0.03239065857	0.03982932014	0.04565422306	0.05109557544	0.05339454331	0.0526688195	0.04558667183	0.03385445261	0.01623707325	-0.001544654505	0.001695761925	-0.01594196824	-0.03365470156	-0.0454907988	-0.05264790882	-0.0533749236	-0.05105813929	-0.04557948037	-0.03975541468	-0.03232962117	-0.02441950139	-0.01496974619	-0.005184514789	0.005184514789	0.01496974619	0.02441950139	0.03232962117	0.03975541468	0.04557948037	0.05105813929	0.0533749236	0.05264790882	0.0454907988	0.03365470156	0.01594196824	-0.001695761925	0.001695761925	-0.01594196824	-0.03365470156	-0.0454907988	-0.05264790882	-0.0533749236	-0.05105813929	-0.04557948037	-0.03975541468	-0.03232962117	-0.02441950139	-0.01496974619	-0.005184514789	0.005184514789	0.01496974619	0.02441950139	0.03232962117	0.03975541468	0.04557948037	0.05105813929	0.0533749236	0.05264790882	0.0454907988	0.03365470156	0.01594196824	-0.001695761925	0.001544654505	-0.01623707325	-0.03385445261	-0.04558667183	-0.0526688195	-0.05339454331	-0.05109557544	-0.04565422306	-0.03982932014	-0.03239065857	-0.02444561222	-0.01497764334	-0.005182498852	0.005182498852	0.01497764334	0.02444561222	0.03239065857	0.03982932014	0.04565422306	0.05109557544	0.05339454331	0.0526688195	0.04558667183	0.03385445261	0.01623707325	-0.001544654505	0.001256346453	-0.01666756236	-0.03402198694	-0.04552513182	-0.05246490253	-0.05321265107	-0.05097943616	-0.04563911066	-0.03983637648	-0.03239849283	-0.02441468059	-0.01494499712	-0.005162528359	0.005162528359	0.01494499712	0.02441468059	0.03239849283	0.03983637648	0.04563911066	0.05097943616	0.05321265107	0.05246490253	0.04552513182	0.03402198694	0.01666756236	-0.001256346453	0.0008890325744	-0.01692694438	-0.03373183798	-0.04483620889	-0.05156146404	-0.0523774274	-0.05029400493	-0.04515958255	-0.03944955855	-0.03208606188	-0.02413140714	-0.01475596674	-0.005086218541	0.005086218541	0.01475596674	0.02413140714	0.03208606188	0.03944955855	0.04515958255	0.05029400493	0.0523774274	0.05156146404	0.04483620889	0.03373183798	0.01692694438	-0.0008890325744	0.0004848378662	-0.01695163774	-0.03296240112	-0.04354079312	-0.05002229851	-0.05098157119	-0.04915969381	-0.04435573887	-0.03882727666	-0.03161340409	-0.02373895307	-0.01450927368	-0.004989644104	0.004989644104	0.01450927368	0.02373895307	0.03161340409	0.03882727666	0.04435573887	0.04915969381	0.05098157119	0.05002229851	0.04354079312	0.03296240112	0.01695163774	-0.0004848378662	0.0001027823958	-0.01662234894	-0.03158981462	-0.04150212373	-0.0476883311	-0.04883607567	-0.04736936895	-0.04302585146	-0.03780197351	-0.03085873283	-0.02316306395	-0.01416564659	-0.004861599521	0.004861599521	0.01416564659	0.02316306395	0.03085873283	0.03780197351	0.04302585146	0.04736936895	0.04883607567	0.0476883311	0.04150212373	0.03158981462	0.01662234894	-0.0001027823958	-0.0002774379715	-0.01619381313	-0.03005466885	-0.0392630366	-0.04515421585	-0.04652613891	-0.04548084303	-0.04168767243	-0.03685673869	-0.03024610319	-0.02274380702	-0.01394159485	-0.004778187746	0.004778187746	0.01394159485	0.02274380702	0.03024610319	0.03685673869	0.04168767243	0.04548084303	0.04652613891	0.04515421585	0.0392630366	0.03005466885	0.01619381313	0.0002774379715	-0.0006417974019	-0.0155247953	-0.02812482728	-0.03651264013	-0.04202601355	-0.04358008075	-0.04296076478	-0.03978374593	-0.03545582917	-0.02930668569	-0.02211810151	-0.01360692763	-0.004660908317	0.004660908317	0.01360692763	0.02211810151	0.02930668569	0.03545582917	0.03978374593	0.04296076478	0.04358008075	0.04202601355	0.03651264013	0.02812482728	0.0155247953	0.0006417974019	-0.001011692334	-0.01484733868	-0.02622149692	-0.03380303853	-0.03894125396	-0.04065094984	-0.04043745889	-0.0378709191	-0.03407011237	-0.02840754382	-0.02155001046	-0.01331818298	-0.00456266601	0.00456266601	0.01331818298	0.02155001046	0.02840754382	0.03407011237	0.0378709191	0.04043745889	0.04065094984	0.03894125396	0.03380303853	0.02622149692	0.01484733868	0.001011692334	-0.001320979104	-0.01378187868	-0.02374270624	-0.03038437631	-0.03503204294	-0.03680160274	-0.03692903409	-0.03496111148	-0.0317438758	-0.0266939662	-0.02035597896	-0.01263598011	-0.004330666981	0.004330666981	0.01263598011	0.02035597896	0.0266939662	0.0317438758	0.03496111148	0.03692903409	0.03680160274	0.03503204294	0.03038437631	0.02374270624	0.01378187868	0.001320979104	-0.001570193783	-0.01266185251	-0.02133036005	-0.02710265338	-0.03127545635	-0.0330380888	-0.03341182376	-0.03193276686	-0.02922906023	-0.02475719308	-0.01896009931	-0.01180998524	-0.004048437969	0.004048437969	0.01180998524	0.01896009931	0.02475719308	0.02922906023	0.03193276686	0.03341182376	0.0330380888	0.03127545635	0.02710265338	0.02133036005	0.01266185251	0.001570193783	-0.001757019008	-0.01100498851	-0.01803779642	-0.02267348384	-0.02611581441	-0.02766913208	-0.02813466358	-0.02707519906	-0.02492098723	-0.02119954537	-0.0162612964	-0.01013734877	-0.003471856839	0.003471856839	0.01013734877	0.0162612964	0.02119954537	0.02492098723	0.02707519906	0.02813466358	0.02766913208	0.02611581441	0.02267348384	0.01803779642	0.01100498851	0.001757019008	-0.001737339559	-0.008272615266	-0.01312942386	-0.01620538112	-0.01845255678	-0.01939595931	-0.01962665302	-0.01883382227	-0.01729755523	-0.01466318219	-0.01119363717	-0.006937934953	-0.002368818465	0.002368818465	0.006937934953	0.01119363717	0.01466318219	0.01729755523	0.01883382227	0.01962665302	0.01939595931	0.01845255678	0.01620538112	0.01312942386	0.008272615266	0.001737339559
-0.001737339559	-0.001757019008	-0.001570193783	-0.001320979104	-0.001011692334	-0.0006417974019	-0.0002774379715	0.0001027823958	0.0004848378662	0.0008890325744	0.001256346453	0.001544654505	0.001695761925	0.001695761925	0.001544654505	0.001256346453	0.0008890325744	0.0004848378662	0.0001027823958	-0.0002774379715	-0.0006417974019	-0.001011692334	-0.001320979104	-0.001570193783	-0.001757019008	-0.001737339559	-0.008272615266	-0.01100498851	-0.01266185251	-0.01378187868	-0.01484733868	-0.0155247953	-0.01619381313	-0.01662234894	-0.01695163774	-0.01692694438	-0.01666756236	-0.01623707325	-0.01594196824	-0.01594196824	-0.01623707325	-0.01666756236	-0.01692694438	-0.01695163774	-0.01662234894	-0.01619381313	-0.0155247953	-0.01484733868	-0.01378187868	-0.01266185251	-0.01100498851	-0.008272615266	-0.01312942386	-0.01803779642	-0.02133036005	-0.02374270624	-0.02622149692	-0.02812482728	-0.03005466885	-0.03158981462	-0.03296240112	-0.03373183798	-0.03402198694	-0.03385445261	-0.03365470156	-0.03365470156	-0.03385445261	-0.03402198694	-0.03373183798	-0.03296240112	-0.03158981462	-0.03005466885	-0.02812482728	-0.02622149692	-0.02374270624	-0.02133036005	-0.01803779642	-0.01312942386	-0.01620538112	-0.02267348384	-0.02710265338	-0.03038437631	-0.03380303853	-0.03651264013	-0.0392630366	-0.04150212373	-0.04354079312	-0.04483620889	-0.04552513182	-0.04558667183	-0.0454907988	-0.0454907988	-0.04558667183	-0.04552513182	-0.04483620889	-0.04354079312	-0.04150212373	-0.0392630366	-0.03651264013	-0.03380303853	-0.03038437631	-0.02710265338	-0.02267348384	-0.01620538112	-0.01845255678	-0.02611581441	-0.03127545635	-0.03503204294	-0.03894125396	-0.04202601355	-0.04515421585	-0.0476883311	-0.05002229851	-0.05156146404	-0.05246490253	-0.0526688195	-0.05264790882	-0.05264790882	-0.0526688195	-0.05246490253	-0.05156146404	-0.05002229851	-0.0476883311	-0.04515421585	-0.04202601355	-0.03894125396	-0.03503204294	-0.03127545635	-0.02611581441	-0.01845255678	-0.01939595931	-0.02766913208	-0.0330380888	-0.03680160274	-0.04065094984	-0.04358008075	-0.04652613891	-0.04883607567	-0.05098157119	-0.0523774274	-0.05321265107	-0.05339454331	-0.0533749236	-0.0533749236	-0.05339454331	-0.05321265107	-0.0523774274	-0.05098157119	-0.04883607567	-0.04652613891	-0.04358008075	-0.04065094984	-0.03680160274	-0.0330380888	-0.02766913208	-0.01939595931	-0.01962665302	-0.02813466358	-0.03341182376	-0.03692903409	-0.04043745889	-0.04296076478	-0.04548084303	-0.04736936895	-0.04915969381	-0.05029400493	-0.05097943616	-0.05109557544	-0.05105813929	-0.05105813929	-0.05109557544	-0.05097943616	-0.05029400493	-0.04915969381	-0.04736936895	-0.04548084303	-0.04296076478	-0.04043745889	-0.03692903409	-0.03341182376	-0.02813466358	-0.01962665302	-0.01883382227	-0.02707519906	-0.03193276686	-0.03496111148	-0.0378709191	-0.03978374593	-0.04168767243	-0.04302585146	-0.04435573887	-0.04515958255	-0.04563911066	-0.04565422306	-0.04557948037	-0.04557948037	-0.04565422306	-0.04563911066	-0.04515958255	-0.04435573887	-0.04302585146	-0.04168767243	-0.03978374593	-0.0378709191	-0.03496111148	-0.03193276686	-0.02707519906	-0.01883382227	-0.01729755523	-0.02492098723	-0.02922906023	-0.0317438758	-0.03407011237	-0.03545582917	-0.03685673869	-0.03780197351	-0.03882727666	-0.03944955855	-0.03983637648	-0.03982932014	-0.03975541468	-0.03975541468	-0.03982932014	-0.03983637648	-0.03944955855	-0.03882727666	-0.03780197351	-0.03685673869	-0.03545582917	-0.03407011237	-0.0317438758	-0.02922906023	-0.02492098723	-0.01729755523	-0.01466318219	-0.02119954537	-0.02475719308	-0.0266939662	-0.02840754382	-0.02930668569	-0.03024610319	-0.03085873283	-0.03161340409	-0.03208606188	-0.03239849283	-0.03239065857	-0.03232962117	-0.03232962117	-0.03239065857	-0.03239849283	-0.03208606188	-0.03161340409	-0.03085873283	-0.03024610319	-0.02930668569	-0.02840754382	-0.0266939662	-0.02475719308	-0.02119954537	-0.01466318219	-0.01119363717	-0.0162612964	-0.01896009931	-0.02035597896	-0.02155001046	-0.02211810151	-0.02274380702	-0.02316306395	-0.02373895307	-0.02413140714	-0.02441468059	-0.02444561222	-0.02441950139	-0.02441950139	-0.02444561222	-0.02441468059	-0.02413140714	-0.02373895307	-0.02316306395	-0.02274380702	-0.02211810151	-0.02155001046	-0.02035597896	-0.01896009931	-0.0162612964	-0.01119363717	-0.006937934953	-0.01013734877	-0.01180998524	-0.01263598011	-0.01331818298	-0.01360692763	-0.01394159485	-0.01416564659	-0.01450927368	-0.01475596674	-0.01494499712	-0.01497764334	-0.01496974619	-0.01496974619	-0.01497764334	-0.01494499712	-0.01475596674	-0.01450927368	-0.01416564659	-0.01394159485	-0.01360692763	-0.01331818298	-0.01263598011	-0.01180998524	-0.01013734877	-0.006937934953	-0.002368818465	-0.003471856839	-0.004048437969	-0.004330666981	-0.00456266601	-0.004660908317	-0.004778187746	-0.004861599521	-0.004989644104	-0.005086218541	-0.005162528359	-0.005182498852	-0.005184514789	-0.005184514789	-0.005182498852	-0.005162528359	-0.005086218541	-0.004989644104	-0.004861599521	-0.004778187746	-0.004660908317	-0.00456266601	-0.004330666981	-0.004048437969	-0.003471856839	-0.002368818465	0.002368818465	0.003471856839	0.004048437969	0.004330666981	0.00456266601	0.004660908317	0.004778187746	0.004861599521	0.004989644104	0.005086218541	0.005162528359	0.005182498852	0.005184514789	0.005184514789	0.005182498852	0.005162528359	0.005086218541	0.004989644104	0.004861599521	0.004778187746	0.004660908317	0.00456266601	0.004330666981	0.004048437969	0.003471856839	0.002368818465	0.006937934953	0.01013734877	0.01180998524	0.01263598011	0.01331818298	0.01360692763	0.01394159485	0.01416564659	0.01450927368	0.01475596674	0.01494499712	0.01497764334	0.01496974619	0.01496974619	0.01497764334	0.01494499712	0.01475596674	0.01450927368	0.01416564659	0.01394159485	0.01360692763	0.01331818298	0.01263598011	0.01180998524	0.01013734877	0.006937934953	0.01119363717	0.0162612964	0.01896009931	0.02035597896	0.02155001046	0.02211810151	0.02274380702	0.02316306395	0.02373895307	0.02413140714	0.02441468059	0.02444561222	0.02441950139	0.02441950139	0.02444561222	0.02441468059	0.02413140714	0.02373895307	0.02316306395	0.02274380702	0.02211810151	0.02155001046	0.02035597896	0.01896009931	0.0162612964	0.01119363717	0.01466318219	0.02119954537	0.02475719308	0.0266939662	0.02840754382	0.02930668569	0.03024610319	0.03085873283	0.03161340409	0.03208606188	0.03239849283	0.03239065857	0.03232962117	0.03232962117	0.03239065857	0.03239849283	0.03208606188	0.03161340409	0.03085873283	0.03024610319	0.02930668569	0.02840754382	0.0266939662	0.02475719308	0.02119954537	0.01466318219	0.01729755523	0.02492098723	0.02922906023	0.0317438758	0.03407011237	0.03545582917	0.03685673869	0.03780197351	0.03882727666	0.03944955855	0.03983637648	0.03982932014	0.03975541468	0.03975541468	0.03982932014	0.03983637648	0.03944955855	0.03882727666	0.03780197351	0.03685673869	0.03545582917	0.03407011237	0.0317438758	0.02922906023	0.02492098723	0.01729755523	0.01883382227	0.02707519906	0.03193276686	0.03496111148	0.0378709191	0.03978374593	0.04168767243	0.04302585146	0.04435573887	0.04515958255	0.04563911066	0.04565422306	0.04557948037	0.04557948037	0.04565422306	0.04563911066	0.04515958255	0.04435573887	0.04302585146	0.04168767243	0.03978374593	0.0378709191	0.03496111148	0.03193276686	0.02707519906	0.01883382227	0.01962665302	0.02813466358	0.03341182376	0.03692903409	0.04043745889	0.04296076478	0.04548084303	0.04736936895	0.04915969381	0.05029400493	0.05097943616	0.05109557544	0.05105813929	0.05105813929	0.05109557544	0.05097943616	0.05029400493	0.04915969381	0.04736936895	0.04548084303	0.04296076478	0.04043745889	0.03692903409	0.03341182376	0.02813466358	0.01962665302	0.01939595931	0.02766913208	0.0330380888	0.03680160274	0.04065094984	0.04358008075	0.04652613891	0.04883607567	0.05098157119	0.0523774274	0.05321265107	0.05339454331	0.0533749236	0.0533749236	0.05339454331	0.05321265107	0.0523774274	0.05098157119	0.04883607567	0.04652613891	0.04358008075	0.04065094984	0.03680160274	0.0330380888	0.02766913208	0.01939595931	0.01845255678	0.02611581441	0.03127545635	0.03503204294	0.03894125396	0.04202601355	0.04515421585	0.0476883311	0.05002229851	0.05156146404	0.05246490253	0.0526688195	0.05264790882	0.05264790882	0.0526688195	0.05246490253	0.05156146404	0.05002229851	0.0476883311	0.04515421585	0.04202601355	0.03894125396	0.03503204294	0.03127545635	0.02611581441	0.01845255678	0.01620538112	0.02267348384	0.02710265338	0.03038437631	0.03380303853	0.03651264013	0.0392630366	0.04150212373	0.04354079312	0.04483620889	0.04552513182	0.04558667183	0.0454907988	0.0454907988	0.04558667183	0.04552513182	0.04483620889	0.04354079312	0.04150212373	0.0392630366	0.03651264013	0.03380303853	0.03038437631	0.02710265338	0.02267348384	0.01620538112	0.01312942386	0.01803779642	0.02133036005	0.02374270624	0.02622149692	0.02812482728	0.03005466885	0.03158981462	0.03296240112	0.03373183798	0.03402198694	0.03385445261	0.03365470156	0.03365470156	0.03385445261	0.03402198694	0.03373183798	0.03296240112	0.03158981462	0.03005466885	0.02812482728	0.02622149692	0.02374270624	0.02133036005	0.01803779642	0.01312942386	0.008272615266	0.01100498851	0.01266185251	0.01378187868	0.01484733868	0.0155247953	0.01619381313	0.01662234894	0.01695163774	0.01692694438	0.01666756236	0.01623707325	0.01594196824	0.01594196824	0.01623707325	0.01666756236	0.01692694438	0.01695163774	0.01662234894	0.01619381313	0.0155247953	0.01484733868	0.01378187868	0.01266185251	0.01100498851	0.008272615266	0.001737339559	0.001757019008	0.001570193783	0.001320979104	0.001011692334	0.0006417974019	0.0002774379715	-0.0001027823958	-0.0004848378662	-0.0008890325744	-0.001256346453	-0.001544654505	-0.001695761925	-0.001695761925	-0.001544654505	-0.001256346453	-0.0008890325744	-0.0004848378662	-0.0001027823958	0.0002774379715	0.0006417974019	0.001011692334	0.001320979104	0.001570193783	0.001757019008	0.001737339559
