0	0.05	0.1	0.15	0.2	0.25	0.3	0.35	0.4	0.45	0.5	0.55	0.6	0.65	0.7	0.75	0.8	0.85	0.9	0.95	1	0	0.05	0.1	0.15	0.2	0.25	0.3	0.35	0.4	0.45	0.5	0.55	0.6	0.65	0.7	0.75	0.8	0.85	0.9	0.95	1	0	0.05	0.1	0.15	0.2	0.25	0.3	0.35	0.4	0.45	0.5	0.55	0.6	0.65	0.7	0.75	0.8	0.85	0.9	0.95	1	0	0.05	0.1	0.15	0.2	0.25	0.3	0.35	0.4	0.45	0.5	0.55	0.6	0.65	0.7	0.75	0.8	0.85	0.9	0.95	1	0	0.05	0.1	0.15	0.2	0.25	0.3	0.35	0.4	0.45	0.5	0.55	0.6	0.65	0.7	0.75	0.8	0.85	0.9	0.95	1	0	0.05	0.1	0.15	0.2	0.25	0.3	0.35	0.4	0.45	0.5	0.55	0.6	0.65	0.7	0.75	0.8	0.85	0.9	0.95	1	0	0.05	0.1	0.15	0.2	0.25	0.3	0.35	0.4	0.45	0.5	0.55	0.6	0.65	0.7	0.75	0.8	0.85	0.9	0.95	1	0	0.05	0.1	0.15	0.2	0.25	0.3	0.35	0.4	0.45	0.5	0.55	0.6	0.65	0.7	0.75	0.8	0.85	0.9	0.95	1	0	0.05	0.1	0.15	0.2	0.25	0.3	0.35	0.4	0.45	0.5	0.55	0.6	0.65	0.7	0.75	0.8	0.85	0.9	0.95	1	0	0.05	0.1	0.15	0.2	0.25	0.3	0.35	0.4	0.45	0.5	0.55	0.6	0.65	0.7	0.75	0.8	0.85	0.9	0.95	1	0	0.05	0.1	0.15	0.2	0.25	0.3	0.35	0.4	0.45	0.5	0.55	0.6	0.65	0.7	0.75	0.8	0.85	0.9	0.95	1	0	0.05	0.1	0.15	0.2	0.25	0.3	0.35	0.4	0.45	0.5	0.55	0.6	0.65	0.7	0.75	0.8	0.85	0.9	0.95	1	0	0.05	0.1	0.15	0.2	0.25	0.3	0.35	0.4	0.45	0.5	0.55	0.6	0.65	0.7	0.75	0.8	0.85	0.9	0.95	1	0	0.05	0.1	0.15	0.2	0.25	0.3	0.35	0.4	0.45	0.5	0.55	0.6	0.65	0.7	0.75	0.8	0.85	0.9	0.95	1	0	0.05	0.1	0.15	0.2	0.25	0.3	0.35	0.4	0.45	0.5	0.55	0.6	0.65	0.7	0.75	0.8	0.85	0.9	0.95	1	0	0.05	0.1	0.15	0.2	0.25	0.3	0.35	0.4	0.45	0.5	0.55	0.6	0.65	0.7	0.75	0.8	0.85	0.9	0.95	1	0	0.05	0.1	0.15	0.2	0.25	0.3	0.35	0.4	0.45	0.5	0.55	0.6	0.65	0.7	0.75	0.8	0.85	0.9	0.95	1	0	0.05	0.1	0.15	0.2	0.25	0.3	0.35	0.4	0.45	0.5	0.55	0.6	0.65	0.7	0.75	0.8	0.85	0.9	0.95	1	0	0.05	0.1	0.15	0.2	0.25	0.3	0.35	0.4	0.45	0.5	0.55	0.6	0.65	0.7	0.75	0.8	0.85	0.9	0.95	1	0	0.05	0.1	0.15	0.2	0.25	0.3	0.35	0.4	0.45	0.5	0.55	0.6	0.65	0.7	0.75	0.8	0.85	0.9	0.95	1	0	0.05	0.1	0.15	0.2	0.25	0.3	0.35	0.4	0.45	0.5	0.55	0.6	0.65	0.7	0.75	0.8	0.85	0.9	0.95	1
0	0	0	0	0	0	0	0	0	0	0	0	0	0	0	0	0	0	0	0	0	0.05	0.05	0.05	0.05	0.05	0.05	0.05	0.05	0.05	0.05	0.05	0.05	0.05	0.05	0.05	0.05	0.05	0.05	0.05	0.05	0.05	0.1	0.1	0.1	0.1	0.1	0.1	0.1	0.1	0.1	0.1	0.1	0.1	0.1	0.1	0.1	0.1	0.1	0.1	0.1	0.1	0.1	0.15	0.15	0.15	0.15	0.15	0.15	0.15	0.15	0.15	0.15	0.15	0.15	0.15	0.15	0.15	0.15	0.15	0.15	0.15	0.15	0.15	0.2	0.2	0.2	0.2	0.2	0.2	0.2	0.2	0.2	0.2	0.2	0.2	0.2	0.2	0.2	0.2	0.2	0.2	0.2	0.2	0.2	0.25	0.25	0.25	0.25	0.25	0.25	0.25	0.25	0.25	0.25	0.25	0.25	0.25	0.25	0.25	0.25	0.25	0.25	0.25	0.25	0.25	0.3	0.3	0.3	0.3	0.3	0.3	0.3	0.3	0.3	0.3	0.3	0.3	0.3	0.3	0.3	0.3	0.3	0.3	0.3	0.3	0.3	0.35	0.35	0.35	0.35	0.35	0.35	0.35	0.35	0.35	0.35	0.35	0.35	0.35	0.35	0.35	0.35	0.35	0.35	0.35	0.35	0.35	0.4	0.4	0.4	0.4	0.4	0.4	0.4	0.4	0.4	0.4	0.4	0.4	0.4	0.4	0.4	0.4	0.4	0.4	0.4	0.4	0.4	0.45	0.45	0.45	0.45	0.45	0.45	0.45	0.45	0.45	0.45	0.45	0.45	0.45	0.45	0.45	0.45	0.45	0.45	0.45	0.45	0.45	0.5	0.5	0.5	0.5	0.5	0.5	0.5	0.5	0.5	0.5	0.5	0.5	0.5	0.5	0.5	0.5	0.5	0.5	0.5	0.5	0.5	0.55	0.55	0.55	0.55	0.55	0.55	0.55	0.55	0.55	0.55	0.55	0.55	0.55	0.55	0.55	0.55	0.55	0.55	0.55	0.55	0.55	0.6	0.6	0.6	0.6	0.6	0.6	0.6	0.6	0.6	0.6	0.6	0.6	0.6	0.6	0.6	0.6	0.6	0.6	0.6	0.6	0.6	0.65	0.65	0.65	0.65	0.65	0.65	0.65	0.65	0.65	0.65	0.65	0.65	0.65	0.65	0.65	0.65	0.65	0.65	0.65	0.65	0.65	0.7	0.7	0.7	0.7	0.7	0.7	0.7	0.7	0.7	0.7	0.7	0.7	0.7	0.7	0.7	0.7	0.7	0.7	0.7	0.7	0.7	0.75	0.75	0.75	0.75	0.75	0.75	0.75	0.75	0.75	0.75	0.75	0.75	0.75	0.75	0.75	0.75	0.75	0.75	0.75	0.75	0.75	0.8	0.8	0.8	0.8	0.8	0.8	0.8	0.8	0.8	0.8	0.8	0.8	0.8	0.8	0.8	0.8	0.8	0.8	0.8	0.8	0.8	0.85	0.85	0.85	0.85	0.85	0.85	0.85	0.85	0.85	0.85	0.85	0.85	0.85	0.85	0.85	0.85	0.85	0.85	0.85	0.85	0.85	0.9	0.9	0.9	0.9	0.9	0.9	0.9	0.9	0.9	0.9	0.9	0.9	0.9	0.9	0.9	0.9	0.9	0.9	0.9	0.9	0.9	0.95	0.95	0.95	0.95	0.95	0.95	0.95	0.95	0.95	0.95	0.95	0.95	0.95	0.95	0.95	0.95	0.95	0.95	0.95	0.95	0.95	1	1	1	1	1	1	1	1	1	1	1	1	1	1	1	1	1	1	1	1	1
0.03086517777	0.03025446547	0.03601061988	0.04366821438	0.05371680859	0.06353398475	0.07311505522	0.08092606229	0.0869896839	0.0906781267	0.09200085911	0.0906781267	0.0869896839	0.08092606229	0.07311505522	0.06353398475	0.05371680859	0.04366821438	0.03601061988	0.03025446547	0.03086517777	0.03025446547	0.02786637449	0.03189794816	0.03805531827	0.04641629769	0.05465730834	0.06281536025	0.06964352374	0.07512962927	0.07858375011	0.07984203414	0.07858375011	0.07512962927	0.06964352374	0.06281536025	0.05465730834	0.04641629769	0.03805531827	0.03189794816	0.02786637449	0.03025446547	0.03601061988	0.03189794816	0.03450765533	0.0393579281	0.04625699918	0.05281828288	0.05934393756	0.06478767246	0.06931873675	0.07220948797	0.07329513564	0.07220948797	0.06931873675	0.06478767246	0.05934393756	0.05281828288	0.04625699918	0.0393579281	0.03450765533	0.03189794816	0.03601061988	0.04366821438	0.03805531827	0.0393579281	0.04291507898	0.04848004462	0.05355783698	0.05878705738	0.06313317246	0.0668283799	0.06908950273	0.06994754673	0.06908950273	0.0668283799	0.06313317246	0.05878705738	0.05355783698	0.04848004462	0.04291507898	0.0393579281	0.03805531827	0.04366821438	0.05371680859	0.04641629769	0.04625699918	0.04848004462	0.05297334733	0.05703863811	0.06157592163	0.06524718564	0.06820137625	0.06966737248	0.07019080976	0.06966737248	0.06820137625	0.06524718564	0.06157592163	0.05703863811	0.05297334733	0.04848004462	0.04625699918	0.04641629769	0.05371680859	0.06353398475	0.05465730834	0.05281828288	0.05355783698	0.05703863811	0.06031215109	0.06431341099	0.06718341543	0.06899047479	0.06921078231	0.06920499737	0.06921078231	0.06899047479	0.06718341543	0.06431341099	0.06031215109	0.05703863811	0.05355783698	0.05281828288	0.05465730834	0.06353398475	0.07311505522	0.06281536025	0.05934393756	0.05878705738	0.06157592163	0.06431341099	0.0677512037	0.06958154712	0.07012077745	0.06921345767	0.06878405489	0.06921345767	0.07012077745	0.06958154712	0.0677512037	0.06431341099	0.06157592163	0.05878705738	0.05934393756	0.06281536025	0.07311505522	0.08092606229	0.06964352374	0.06478767246	0.06313317246	0.06524718564	0.06718341543	0.06958154712	0.07032065561	0.07052020631	0.06999501112	0.06989800516	0.06999501112	0.07052020631	0.07032065561	0.06958154712	0.06718341543	0.06524718564	0.06313317246	0.06478767246	0.06964352374	0.08092606229	0.0869896839	0.07512962927	0.06931873675	0.0668283799	0.06820137625	0.06899047479	0.07012077745	0.07052020631	0.07253057924	0.07503735599	0.07649526789	0.07503735599	0.07253057924	0.07052020631	0.07012077745	0.06899047479	0.06820137625	0.0668283799	0.06931873675	0.07512962927	0.0869896839	0.0906781267	0.07858375011	0.07220948797	0.06908950273	0.06966737248	0.06921078231	0.06921345767	0.06999501112	0.07503735599	0.08180489299	0.0853327132	0.08180489299	0.07503735599	0.06999501112	0.06921345767	0.06921078231	0.06966737248	0.06908950273	0.07220948797	0.07858375011	0.0906781267	0.09200085911	0.07984203414	0.07329513564	0.06994754673	0.07019080976	0.06920499737	0.06878405489	0.06989800516	0.07649526789	0.0853327132	0.08984827126	0.0853327132	0.07649526789	0.06989800516	0.06878405489	0.06920499737	0.07019080976	0.06994754673	0.07329513564	0.07984203414	0.09200085911	0.0906781267	0.07858375011	0.07220948797	0.06908950273	0.06966737248	0.06921078231	0.06921345767	0.06999501112	0.07503735599	0.08180489299	0.0853327132	0.08180489299	0.07503735599	0.06999501112	0.06921345767	0.06921078231	0.06966737248	0.06908950273	0.07220948797	0.07858375011	0.0906781267	0.0869896839	0.07512962927	0.06931873675	0.0668283799	0.06820137625	0.06899047479	0.07012077745	0.07052020631	0.07253057924	0.07503735599	0.07649526789	0.07503735599	0.07253057924	0.07052020631	0.07012077745	0.06899047479	0.06820137625	0.0668283799	0.06931873675	0.07512962927	0.0869896839	0.08092606229	0.06964352374	0.06478767246	0.06313317246	0.06524718564	0.06718341543	0.06958154712	0.07032065561	0.07052020631	0.06999501112	0.06989800516	0.06999501112	0.07052020631	0.07032065561	0.06958154712	0.06718341543	0.06524718564	0.06313317246	0.06478767246	0.06964352374	0.08092606229	0.07311505522	0.06281536025	0.05934393756	0.05878705738	0.06157592163	0.06431341099	0.0677512037	0.06958154712	0.07012077745	0.06921345767	0.06878405489	0.06921345767	0.07012077745	0.06958154712	0.0677512037	0.06431341099	0.06157592163	0.05878705738	0.05934393756	0.06281536025	0.07311505522	0.06353398475	0.05465730834	0.05281828288	0.05355783698	0.05703863811	0.06031215109	0.06431341099	0.06718341543	0.06899047479	0.06921078231	0.06920499737	0.06921078231	0.06899047479	0.06718341543	0.06431341099	0.06031215109	0.05703863811	0.05355783698	0.05281828288	0.05465730834	0.06353398475	0.05371680859	0.04641629769	0.04625699918	0.04848004462	0.05297334733	0.05703863811	0.06157592163	0.06524718564	0.06820137625	0.06966737248	0.07019080976	0.06966737248	0.06820137625	0.06524718564	0.06157592163	0.05703863811	0.05297334733	0.04848004462	0.04625699918	0.04641629769	0.05371680859	0.04366821438	0.03805531827	0.0393579281	0.04291507898	0.04848004462	0.05355783698	0.05878705738	0.06313317246	0.0668283799	0.06908950273	0.06994754673	0.06908950273	0.0668283799	0.06313317246	0.05878705738	0.05355783698	0.04848004462	0.04291507898	0.0393579281	0.03805531827	0.04366821438	0.03601061988	0.03189794816	0.03450765533	0.0393579281	0.04625699918	0.05281828288	0.05934393756	0.06478767246	0.06931873675	0.07220948797	0.07329513564	0.07220948797	0.06931873675	0.06478767246	0.05934393756	0.05281828288	0.04625699918	0.0393579281	0.03450765533	0.03189794816	0.03601061988	0.03025446547	0.02786637449	0.03189794816	0.03805531827	0.04641629769	0.05465730834	0.06281536025	0.06964352374	0.07512962927	0.07858375011	0.07984203414	0.07858375011	0.07512962927	0.06964352374	0.06281536025	0.05465730834	0.04641629769	0.03805531827	0.03189794816	0.02786637449	0.03025446547	0.03086517777	0.03025446547	0.03601061988	0.04366821438	0.05371680859	0.06353398475	0.07311505522	0.08092606229	0.0869896839	0.0906781267	0.09200085911	0.0906781267	0.0869896839	0.08092606229	0.07311505522	0.06353398475	0.05371680859	0.04366821438	0.03601061988	0.03025446547	0.03086517777
-0.001675700408	-0.008757190913	-0.01392967662	-0.01726378476	-0.01952174108	-0.01971367346	-0.01831827961	-0.01500582554	-0.0106005258	-0.005413735392	-2.094862345e-18	0.005413735392	0.0106005258	0.01500582554	0.01831827961	0.01971367346	0.01952174108	0.01726378476	0.01392967662	0.008757190913	0.001675700408	-0.001613954413	-0.01237134962	-0.0204589164	-0.02578434842	-0.02938089766	-0.02983464319	-0.02789349999	-0.02310629873	-0.01656464413	-0.008582218057	8.62285121e-19	0.008582218057	0.01656464413	0.02310629873	0.02789349999	0.02983464319	0.02938089766	0.02578434842	0.0204589164	0.01237134962	0.001613954413	-0.001281225051	-0.01466343212	-0.02498570455	-0.03156587636	-0.03559210131	-0.03556113404	-0.03278180301	-0.02692390002	-0.01932228354	-0.01005485891	-1.639488395e-18	0.01005485891	0.01932228354	0.02692390002	0.03278180301	0.03556113404	0.03559210131	0.03156587636	0.02498570455	0.01466343212	0.001281225051	-0.0009069184682	-0.01655977148	-0.0287467119	-0.03610549467	-0.04007770943	-0.03926512902	-0.0356729719	-0.0290634198	-0.02089595589	-0.01091819643	7.574885189e-18	0.01091819643	0.02089595589	0.0290634198	0.0356729719	0.03926512902	0.04007770943	0.03610549467	0.0287467119	0.01655977148	0.0009069184682	-0.0003877818356	-0.01846657267	-0.03265068989	-0.04077154886	-0.04468935041	-0.04315449916	-0.03891173299	-0.03160431715	-0.02277922314	-0.01192011694	-2.850280255e-18	0.01192011694	0.02277922314	0.03160431715	0.03891173299	0.04315449916	0.04468935041	0.04077154886	0.03265068989	0.01846657267	0.0003877818356	0.0003119610287	-0.01952263652	-0.03527221113	-0.04394649486	-0.04785777053	-0.04590506489	-0.04137342649	-0.03354937521	-0.02409667068	-0.01251553587	5.000642815e-18	0.01251553587	0.02409667068	0.03354937521	0.04137342649	0.04590506489	0.04785777053	0.04394649486	0.03527221113	0.01952263652	-0.0003119610287	0.001089926277	-0.02001824373	-0.03712830872	-0.04647651856	-0.05072986268	-0.04873938923	-0.04403353623	-0.03540933346	-0.02494703643	-0.01264032205	-8.867768267e-18	0.01264032205	0.02494703643	0.03540933346	0.04403353623	0.04873938923	0.05072986268	0.04647651856	0.03712830872	0.02001824373	-0.001089926277	0.001869605717	-0.01973017937	-0.03783842358	-0.04791823567	-0.05269401447	-0.05075295685	-0.04564240307	-0.03585602303	-0.02427855415	-0.01175059661	1.733511951e-17	0.01175059661	0.02427855415	0.03585602303	0.04564240307	0.05075295685	0.05269401447	0.04791823567	0.03783842358	0.01973017937	-0.001869605717	0.002472038716	-0.01928606187	-0.03823798265	-0.04908822592	-0.05435413569	-0.05222041731	-0.04626211343	-0.03503820843	-0.02246180045	-0.01020558726	7.257425328e-18	0.01020558726	0.02246180045	0.03503820843	0.04626211343	0.05222041731	0.05435413569	0.04908822592	0.03823798265	0.01928606187	-0.002472038716	0.002853717958	-0.01884403622	-0.0383505018	-0.0497463235	-0.05524343943	-0.05269023071	-0.04577645398	-0.03337525689	-0.02025974327	-0.008612780021	-3.194049216e-17	0.008612780021	0.02025974327	0.03337525689	0.04577645398	0.05269023071	0.05524343943	0.0497463235	0.0383505018	0.01884403622	-0.002853717958	0.002970542222	-0.01872126839	-0.03845286492	-0.05005966192	-0.05561628493	-0.05283828116	-0.04548999532	-0.03261820549	-0.01933201858	-0.00796929137	-1.723946181e-18	0.00796929137	0.01933201858	0.03261820549	0.04548999532	0.05283828116	0.05561628493	0.05005966192	0.03845286492	0.01872126839	-0.002970542222	0.002853717958	-0.01884403622	-0.0383505018	-0.0497463235	-0.05524343943	-0.05269023071	-0.04577645398	-0.03337525689	-0.02025974327	-0.008612780021	-5.266083978e-17	0.008612780021	0.02025974327	0.03337525689	0.04577645398	0.05269023071	0.05524343943	0.0497463235	0.0383505018	0.01884403622	-0.002853717958	0.002472038716	-0.01928606187	-0.03823798265	-0.04908822592	-0.05435413569	-0.05222041731	-0.04626211343	-0.03503820843	-0.02246180045	-0.01020558726	1.104331328e-17	0.01020558726	0.02246180045	0.03503820843	0.04626211343	0.05222041731	0.05435413569	0.04908822592	0.03823798265	0.01928606187	-0.002472038716	0.001869605717	-0.01973017937	-0.03783842358	-0.04791823567	-0.05269401447	-0.05075295685	-0.04564240307	-0.03585602303	-0.02427855415	-0.01175059661	-5.842541758e-18	0.01175059661	0.02427855415	0.03585602303	0.04564240307	0.05075295685	0.05269401447	0.04791823567	0.03783842358	0.01973017937	-0.001869605717	0.001089926277	-0.02001824373	-0.03712830872	-0.04647651856	-0.05072986268	-0.04873938923	-0.04403353623	-0.03540933346	-0.02494703643	-0.01264032205	-9.289265544e-18	0.01264032205	0.02494703643	0.03540933346	0.04403353623	0.04873938923	0.05072986268	0.04647651856	0.03712830872	0.02001824373	-0.001089926277	0.0003119610287	-0.01952263652	-0.03527221113	-0.04394649486	-0.04785777053	-0.04590506489	-0.04137342649	-0.03354937521	-0.02409667068	-0.01251553587	-7.789118667e-18	0.01251553587	0.02409667068	0.03354937521	0.04137342649	0.04590506489	0.04785777053	0.04394649486	0.03527221113	0.01952263652	-0.0003119610287	-0.0003877818356	-0.01846657267	-0.03265068989	-0.04077154886	-0.04468935041	-0.04315449916	-0.03891173299	-0.03160431715	-0.02277922314	-0.01192011694	5.213795169e-18	0.01192011694	0.02277922314	0.03160431715	0.03891173299	0.04315449916	0.04468935041	0.04077154886	0.03265068989	0.01846657267	0.0003877818356	-0.0009069184682	-0.01655977148	-0.0287467119	-0.03610549467	-0.04007770943	-0.03926512902	-0.0356729719	-0.0290634198	-0.02089595589	-0.01091819643	-1.975858704e-19	0.01091819643	0.02089595589	0.0290634198	0.0356729719	0.03926512902	0.04007770943	0.03610549467	0.0287467119	0.01655977148	0.0009069184682	-0.001281225051	-0.01466343212	-0.02498570455	-0.03156587636	-0.03559210131	-0.03556113404	-0.03278180301	-0.02692390002	-0.01932228354	-0.01005485891	2.409172954e-18	0.01005485891	0.01932228354	0.02692390002	0.03278180301	0.03556113404	0.03559210131	0.03156587636	0.02498570455	0.01466343212	0.001281225051	-0.001613954413	-0.01237134962	-0.0204589164	-0.02578434842	-0.02938089766	-0.02983464319	-0.02789349999	-0.02310629873	-0.01656464413	-0.008582218057	-1.359275676e-18	0.008582218057	0.01656464413	0.02310629873	0.02789349999	0.02983464319	0.02938089766	0.02578434842	0.0204589164	0.01237134962	0.001613954413	-0.001675700408	-0.008757190913	-0.01392967662	-0.01726378476	-0.01952174108	-0.01971367346	-0.01831827961	-0.01500582554	-0.0106005258	-0.005413735392	2.697765365e-19	0.005413735392	0.0106005258	0.01500582554	0.01831827961	0.01971367346	0.01952174108	0.01726378476	0.01392967662	0.008757190913	0.001675700408
-0.001675700408	-0.001613954413	-0.001281225051	-0.0009069184682	-0.0003877818356	0.0003119610287	0.001089926277	0.001869605717	0.002472038716	0.002853717958	0.002970542222	0.002853717958	0.002472038716	0.001869605717	0.001089926277	0.0003119610287	-0.0003877818356	-0.0009069184682	-0.001281225051	-0.001613954413	-0.001675700408	-0.008757190913	-0.01237134962	-0.01466343212	-0.01655977148	-0.01846657267	-0.01952263652	-0.02001824373	-0.01973017937	-0.01928606187	-0.01884403622	-0.01872126839	-0.01884403622	-0.01928606187	-0.01973017937	-0.02001824373	-0.01952263652	-0.01846657267	-0.01655977148	-0.01466343212	-0.01237134962	-0.008757190913	-0.01392967662	-0.0204589164	-0.02498570455	-0.0287467119	-0.03265068989	-0.03527221113	-0.03712830872	-0.03783842358	-0.03823798265	-0.0383505018	-0.03845286492	-0.0383505018	-0.03823798265	-0.03783842358	-0.03712830872	-0.03527221113	-0.03265068989	-0.0287467119	-0.02498570455	-0.0204589164	-0.01392967662	-0.01726378476	-0.02578434842	-0.03156587636	-0.03610549467	-0.04077154886	-0.04394649486	-0.04647651856	-0.04791823567	-0.04908822592	-0.0497463235	-0.05005966192	-0.0497463235	-0.04908822592	-0.04791823567	-0.04647651856	-0.04394649486	-0.04077154886	-0.03610549467	-0.03156587636	-0.02578434842	-0.01726378476	-0.01952174108	-0.02938089766	-0.03559210131	-0.04007770943	-0.04468935041	-0.04785777053	-0.05072986268	-0.05269401447	-0.05435413569	-0.05524343943	-0.05561628493	-0.05524343943	-0.05435413569	-0.05269401447	-0.05072986268	-0.04785777053	-0.04468935041	-0.04007770943	-0.03559210131	-0.02938089766	-0.01952174108	-0.01971367346	-0.02983464319	-0.03556113404	-0.03926512902	-0.04315449916	-0.04590506489	-0.04873938923	-0.05075295685	-0.05222041731	-0.05269023071	-0.05283828116	-0.05269023071	-0.05222041731	-0.05075295685	-0.04873938923	-0.04590506489	-0.04315449916	-0.03926512902	-0.03556113404	-0.02983464319	-0.01971367346	-0.01831827961	-0.02789349999	-0.03278180301	-0.0356729719	-0.03891173299	-0.04137342649	-0.04403353623	-0.04564240307	-0.04626211343	-0.04577645398	-0.04548999532	-0.04577645398	-0.04626211343	-0.04564240307	-0.04403353623	-0.04137342649	-0.03891173299	-0.0356729719	-0.03278180301	-0.02789349999	-0.01831827961	-0.01500582554	-0.02310629873	-0.02692390002	-0.0290634198	-0.03160431715	-0.03354937521	-0.03540933346	-0.03585602303	-0.03503820843	-0.03337525689	-0.03261820549	-0.03337525689	-0.03503820843	-0.03585602303	-0.03540933346	-0.03354937521	-0.03160431715	-0.0290634198	-0.02692390002	-0.02310629873	-0.01500582554	-0.0106005258	-0.01656464413	-0.01932228354	-0.02089595589	-0.02277922314	-0.02409667068	-0.02494703643	-0.02427855415	-0.02246180045	-0.02025974327	-0.01933201858	-0.02025974327	-0.02246180045	-0.02427855415	-0.02494703643	-0.02409667068	-0.02277922314	-0.02089595589	-0.01932228354	-0.01656464413	-0.0106005258	-0.005413735392	-0.008582218057	-0.01005485891	-0.01091819643	-0.01192011694	-0.01251553587	-0.01264032205	-0.01175059661	-0.01020558726	-0.008612780021	-0.00796929137	-0.008612780021	-0.01020558726	-0.01175059661	-0.01264032205	-0.01251553587	-0.01192011694	-0.01091819643	-0.01005485891	-0.008582218057	-0.005413735392	-9.58022422e-20	-1.025893627e-18	2.135612153e-18	4.474050488e-18	8.066232387e-20	7.285512944e-18	2.120127156e-19	1.554393151e-18	-1.148471883e-18	-2.188042262e-17	2.090300875e-17	-3.623592538e-17	-2.974404139e-18	1.239610529e-17	-4.955113025e-18	6.757334761e-18	6.623637765e-18	7.876906842e-18	-1.387495683e-18	-2.981377247e-18	-4.242897919e-18	0.005413735392	0.008582218057	0.01005485891	0.01091819643	0.01192011694	0.01251553587	0.01264032205	0.01175059661	0.01020558726	0.008612780021	0.00796929137	0.008612780021	0.01020558726	0.01175059661	0.01264032205	0.01251553587	0.01192011694	0.01091819643	0.01005485891	0.008582218057	0.005413735392	0.0106005258	0.01656464413	0.01932228354	0.02089595589	0.02277922314	0.02409667068	0.02494703643	0.02427855415	0.02246180045	0.02025974327	0.01933201858	0.02025974327	0.02246180045	0.02427855415	0.02494703643	0.02409667068	0.02277922314	0.02089595589	0.01932228354	0.01656464413	0.0106005258	0.01500582554	0.02310629873	0.02692390002	0.0290634198	0.03160431715	0.03354937521	0.03540933346	0.03585602303	0.03503820843	0.03337525689	0.03261820549	0.03337525689	0.03503820843	0.03585602303	0.03540933346	0.03354937521	0.03160431715	0.0290634198	0.02692390002	0.02310629873	0.01500582554	0.01831827961	0.02789349999	0.03278180301	0.0356729719	0.03891173299	0.04137342649	0.04403353623	0.04564240307	0.04626211343	0.04577645398	0.04548999532	0.04577645398	0.04626211343	0.04564240307	0.04403353623	0.04137342649	0.03891173299	0.0356729719	0.03278180301	0.02789349999	0.01831827961	0.01971367346	0.02983464319	0.03556113404	0.03926512902	0.04315449916	0.04590506489	0.04873938923	0.05075295685	0.05222041731	0.05269023071	0.05283828116	0.05269023071	0.05222041731	0.05075295685	0.04873938923	0.04590506489	0.04315449916	0.03926512902	0.03556113404	0.02983464319	0.01971367346	0.01952174108	0.02938089766	0.03559210131	0.04007770943	0.04468935041	0.04785777053	0.05072986268	0.05269401447	0.05435413569	0.05524343943	0.05561628493	0.05524343943	0.05435413569	0.05269401447	0.05072986268	0.04785777053	0.04468935041	0.04007770943	0.03559210131	0.02938089766	0.01952174108	0.01726378476	0.02578434842	0.03156587636	0.03610549467	0.04077154886	0.04394649486	0.04647651856	0.04791823567	0.04908822592	0.0497463235	0.05005966192	0.0497463235	0.04908822592	0.04791823567	0.04647651856	0.04394649486	0.04077154886	0.03610549467	0.03156587636	0.02578434842	0.01726378476	0.01392967662	0.0204589164	0.02498570455	0.0287467119	0.03265068989	0.03527221113	0.03712830872	0.03783842358	0.03823798265	0.0383505018	0.03845286492	0.0383505018	0.03823798265	0.03783842358	0.03712830872	0.03527221113	0.03265068989	0.0287467119	0.02498570455	0.0204589164	0.01392967662	0.008757190913	0.01237134962	0.01466343212	0.01655977148	0.01846657267	0.01952263652	0.02001824373	0.01973017937	0.01928606187	0.01884403622	0.01872126839	0.01884403622	0.01928606187	0.01973017937	0.02001824373	0.01952263652	0.01846657267	0.01655977148	0.01466343212	0.01237134962	0.008757190913	0.001675700408	0.001613954413	0.001281225051	0.0009069184682	0.0003877818356	-0.0003119610287	-0.001089926277	-0.001869605717	-0.002472038716	-0.002853717958	-0.002970542222	-0.002853717958	-0.002472038716	-0.001869605717	-0.001089926277	-0.0003119610287	0.0003877818356	0.0009069184682	0.001281225051	0.001613954413	0.001675700408
0.009972909422	0.01279658464	0.01494622104	0.01657541422	0.01817699574	0.01899442878	0.01938751012	0.01898317499	0.01839427896	0.01775930018	0.01756539197	0.01775930018	0.01839427896	0.01898317499	0.01938751012	0.01899442878	0.01817699574	0.01657541422	0.01494622104	0.01279658464	0.009972909422	0.01279658464	0.01656925661	0.01937157631	0.02135992392	0.02315236806	0.02382058066	0.02389208001	0.02301301453	0.02206368157	0.02119689907	0.02095005052	0.02119689907	0.02206368157	0.02301301453	0.02389208001	0.02382058066	0.02315236806	0.02135992392	0.01937157631	0.01656925661	0.01279658464	0.01494622104	0.01937157631	0.02203428744	0.0233416204	0.02390559116	0.02288829416	0.02110547973	0.01843244796	0.01611304863	0.01437000543	0.01385098427	0.01437000543	0.01611304863	0.01843244796	0.02110547973	0.02288829416	0.02390559116	0.0233416204	0.02203428744	0.01937157631	0.01494622104	0.01657541422	0.02135992392	0.0233416204	0.02323422773	0.02164276194	0.01801890775	0.01357785027	0.008514196815	0.004388972291	0.001484104427	0.0005878258606	0.001484104427	0.004388972291	0.008514196815	0.01357785027	0.01801890775	0.02164276194	0.02323422773	0.0233416204	0.02135992392	0.01657541422	0.01817699574	0.02315236806	0.02390559116	0.02164276194	0.01702036707	0.009942066393	0.002120016429	-0.005918345979	-0.01230817828	-0.0167008029	-0.01809311422	-0.0167008029	-0.01230817828	-0.005918345979	0.002120016429	0.009942066393	0.01702036707	0.02164276194	0.02390559116	0.02315236806	0.01817699574	0.01899442878	0.02382058066	0.02288829416	0.01801890775	0.009942066393	-0.0008570648835	-0.0122052493	-0.02330535181	-0.03208223024	-0.03809451114	-0.04004539906	-0.03809451114	-0.03208223024	-0.02330535181	-0.0122052493	-0.0008570648835	0.009942066393	0.01801890775	0.02288829416	0.02382058066	0.01899442878	0.01938751012	0.02389208001	0.02110547973	0.01357785027	0.002120016429	-0.0122052493	-0.02690022913	-0.04105871409	-0.0524411001	-0.06036715095	-0.063013933	-0.06036715095	-0.0524411001	-0.04105871409	-0.02690022913	-0.0122052493	0.002120016429	0.01357785027	0.02110547973	0.02389208001	0.01938751012	0.01898317499	0.02301301453	0.01843244796	0.008514196815	-0.005918345979	-0.02330535181	-0.04105871409	-0.05833863719	-0.07277457231	-0.08316394715	-0.08676108861	-0.08316394715	-0.07277457231	-0.05833863719	-0.04105871409	-0.02330535181	-0.005918345979	0.008514196815	0.01843244796	0.02301301453	0.01898317499	0.01839427896	0.02206368157	0.01611304863	0.004388972291	-0.01230817828	-0.03208223024	-0.0524411001	-0.07277457231	-0.0906110952	-0.103958965	-0.1087450618	-0.103958965	-0.0906110952	-0.07277457231	-0.0524411001	-0.03208223024	-0.01230817828	0.004388972291	0.01611304863	0.02206368157	0.01839427896	0.01775930018	0.02119689907	0.01437000543	0.001484104427	-0.0167008029	-0.03809451114	-0.06036715095	-0.08316394715	-0.103958965	-0.1199819036	-0.1258664359	-0.1199819036	-0.103958965	-0.08316394715	-0.06036715095	-0.03809451114	-0.0167008029	0.001484104427	0.01437000543	0.02119689907	0.01775930018	0.01756539197	0.02095005052	0.01385098427	0.0005878258606	-0.01809311422	-0.04004539906	-0.063013933	-0.08676108861	-0.1087450618	-0.1258664359	-0.1322063547	-0.1258664359	-0.1087450618	-0.08676108861	-0.063013933	-0.04004539906	-0.01809311422	0.0005878258606	0.01385098427	0.02095005052	0.01756539197	0.01775930018	0.02119689907	0.01437000543	0.001484104427	-0.0167008029	-0.03809451114	-0.06036715095	-0.08316394715	-0.103958965	-0.1199819036	-0.1258664359	-0.1199819036	-0.103958965	-0.08316394715	-0.06036715095	-0.03809451114	-0.0167008029	0.001484104427	0.01437000543	0.02119689907	0.01775930018	0.01839427896	0.02206368157	0.01611304863	0.004388972291	-0.01230817828	-0.03208223024	-0.0524411001	-0.07277457231	-0.0906110952	-0.103958965	-0.1087450618	-0.103958965	-0.0906110952	-0.07277457231	-0.0524411001	-0.03208223024	-0.01230817828	0.004388972291	0.01611304863	0.02206368157	0.01839427896	0.01898317499	0.02301301453	0.01843244796	0.008514196815	-0.005918345979	-0.02330535181	-0.04105871409	-0.05833863719	-0.07277457231	-0.08316394715	-0.08676108861	-0.08316394715	-0.07277457231	-0.05833863719	-0.04105871409	-0.02330535181	-0.005918345979	0.008514196815	0.01843244796	0.02301301453	0.01898317499	0.01938751012	0.02389208001	0.02110547973	0.01357785027	0.002120016429	-0.0122052493	-0.02690022913	-0.04105871409	-0.0524411001	-0.06036715095	-0.063013933	-0.06036715095	-0.0524411001	-0.04105871409	-0.02690022913	-0.0122052493	0.002120016429	0.01357785027	0.02110547973	0.02389208001	0.01938751012	0.01899442878	0.02382058066	0.02288829416	0.01801890775	0.009942066393	-0.0008570648835	-0.0122052493	-0.02330535181	-0.03208223024	-0.03809451114	-0.04004539906	-0.03809451114	-0.03208223024	-0.02330535181	-0.0122052493	-0.0008570648835	0.009942066393	0.01801890775	0.02288829416	0.02382058066	0.01899442878	0.01817699574	0.02315236806	0.02390559116	0.02164276194	0.01702036707	0.009942066393	0.002120016429	-0.005918345979	-0.01230817828	-0.0167008029	-0.01809311422	-0.0167008029	-0.01230817828	-0.005918345979	0.002120016429	0.009942066393	0.01702036707	0.02164276194	0.02390559116	0.02315236806	0.01817699574	0.01657541422	0.02135992392	0.0233416204	0.02323422773	0.02164276194	0.01801890775	0.01357785027	0.008514196815	0.004388972291	0.001484104427	0.0005878258606	0.001484104427	0.004388972291	0.008514196815	0.01357785027	0.01801890775	0.02164276194	0.02323422773	0.0233416204	0.02135992392	0.01657541422	0.01494622104	0.01937157631	0.02203428744	0.0233416204	0.02390559116	0.02288829416	0.02110547973	0.01843244796	0.01611304863	0.01437000543	0.01385098427	0.01437000543	0.01611304863	0.01843244796	0.02110547973	0.02288829416	0.02390559116	0.0233416204	0.02203428744	0.01937157631	0.01494622104	0.01279658464	0.01656925661	0.01937157631	0.02135992392	0.02315236806	0.02382058066	0.02389208001	0.02301301453	0.02206368157	0.02119689907	0.02095005052	0.02119689907	0.02206368157	0.02301301453	0.02389208001	0.02382058066	0.02315236806	0.02135992392	0.01937157631	0.01656925661	0.01279658464	0.009972909422	0.01279658464	0.01494622104	0.01657541422	0.01817699574	0.01899442878	0.01938751012	0.01898317499	0.01839427896	0.01775930018	0.01756539197	0.01775930018	0.01839427896	0.01898317499	0.01938751012	0.01899442878	0.01817699574	0.01657541422	0.01494622104	0.01279658464	0.009972909422
0.003429907249	0.001456658009	-0.0009922452427	-0.003679767769	-0.006989923355	-0.01059237929	-0.01421149219	-0.01756387114	-0.02016516876	-0.0218561707	-0.02239506377	-0.0218561707	-0.02016516876	-0.01756387114	-0.01421149219	-0.01059237929	-0.006989923355	-0.003679767769	-0.0009922452427	0.001456658009	0.003429907249	0.006594313069	0.004658708791	0.001617051529	-0.001873807169	-0.006340176067	-0.01140642179	-0.0165312874	-0.02123848632	-0.02473151724	-0.02690416382	-0.02755893513	-0.02690416382	-0.02473151724	-0.02123848632	-0.0165312874	-0.01140642179	-0.006340176067	-0.001873807169	0.001617051529	0.004658708791	0.006594313069	0.009792988334	0.008404673109	0.005130527049	0.00106055412	-0.004248178737	-0.01020991387	-0.01598462711	-0.02105779314	-0.02456353682	-0.02667403448	-0.02725978455	-0.02667403448	-0.02456353682	-0.02105779314	-0.01598462711	-0.01020991387	-0.004248178737	0.00106055412	0.005130527049	0.008404673109	0.009792988334	0.01295146648	0.01222017337	0.008837102769	0.004267864181	-0.001710456843	-0.008206492712	-0.01409083287	-0.0189364361	-0.02199557386	-0.02380390768	-0.02425337688	-0.02380390768	-0.02199557386	-0.0189364361	-0.01409083287	-0.008206492712	-0.001710456843	0.004267864181	0.008837102769	0.01222017337	0.01295146648	0.01664572865	0.01679873589	0.01327915777	0.008066553165	0.001304162236	-0.005727192028	-0.01158688555	-0.01605470308	-0.01858955396	-0.02012041988	-0.0204540414	-0.02012041988	-0.01858955396	-0.01605470308	-0.01158688555	-0.005727192028	0.001304162236	0.008066553165	0.01327915777	0.01679873589	0.01664572865	0.02014920725	0.02138236142	0.01769392354	0.01172565168	0.0041249332	-0.003391119215	-0.009114290999	-0.01315197456	-0.01524143231	-0.01664443342	-0.0169365509	-0.01664443342	-0.01524143231	-0.01315197456	-0.009114290999	-0.003391119215	0.0041249332	0.01172565168	0.01769392354	0.02138236142	0.02014920725	0.02343411424	0.02576945086	0.02174099608	0.01483500234	0.006261484058	-0.001819067887	-0.007504494532	-0.01132931635	-0.01330313549	-0.01489410532	-0.01527552109	-0.01489410532	-0.01330313549	-0.01132931635	-0.007504494532	-0.001819067887	0.006261484058	0.01483500234	0.02174099608	0.02576945086	0.02343411424	0.0260370269	0.02938012238	0.02496943994	0.01718383508	0.007777600246	-0.0006925322035	-0.006235663861	-0.009876454687	-0.01189220759	-0.01384176685	-0.01439099465	-0.01384176685	-0.01189220759	-0.009876454687	-0.006235663861	-0.0006925322035	0.007777600246	0.01718383508	0.02496943994	0.02938012238	0.0260370269	0.02791934028	0.03198007766	0.02716423496	0.01863712712	0.008585965804	-0.0001121610921	-0.005456831359	-0.008944746427	-0.01109534715	-0.01347772432	-0.01423032761	-0.01347772432	-0.01109534715	-0.008944746427	-0.005456831359	-0.0001121610921	0.008585965804	0.01863712712	0.02716423496	0.03198007766	0.02791934028	0.02901062361	0.03349979258	0.02843096726	0.01948402352	0.009125493998	0.0004369661746	-0.004609651071	-0.007869960842	-0.01005813512	-0.01273399014	-0.01363462907	-0.01273399014	-0.01005813512	-0.007869960842	-0.004609651071	0.0004369661746	0.009125493998	0.01948402352	0.02843096726	0.03349979258	0.02901062361	0.02937005899	0.03398244682	0.02880893009	0.0197084067	0.009239436848	0.0005574930259	-0.004380223316	-0.007560959479	-0.009772528447	-0.01256698571	-0.01352726749	-0.01256698571	-0.009772528447	-0.007560959479	-0.004380223316	0.0005574930259	0.009239436848	0.0197084067	0.02880893009	0.03398244682	0.02937005899	0.02901062361	0.03349979258	0.02843096726	0.01948402352	0.009125493998	0.0004369661746	-0.004609651071	-0.007869960842	-0.01005813512	-0.01273399014	-0.01363462907	-0.01273399014	-0.01005813512	-0.007869960842	-0.004609651071	0.0004369661746	0.009125493998	0.01948402352	0.02843096726	0.03349979258	0.02901062361	0.02791934028	0.03198007766	0.02716423496	0.01863712712	0.008585965804	-0.0001121610921	-0.005456831359	-0.008944746427	-0.01109534715	-0.01347772432	-0.01423032761	-0.01347772432	-0.01109534715	-0.008944746427	-0.005456831359	-0.0001121610921	0.008585965804	0.01863712712	0.02716423496	0.03198007766	0.02791934028	0.0260370269	0.02938012238	0.02496943994	0.01718383508	0.007777600246	-0.0006925322035	-0.006235663861	-0.009876454687	-0.01189220759	-0.01384176685	-0.01439099465	-0.01384176685	-0.01189220759	-0.009876454687	-0.006235663861	-0.0006925322035	0.007777600246	0.01718383508	0.02496943994	0.02938012238	0.0260370269	0.02343411424	0.02576945086	0.02174099608	0.01483500234	0.006261484058	-0.001819067887	-0.007504494532	-0.01132931635	-0.01330313549	-0.01489410532	-0.01527552109	-0.01489410532	-0.01330313549	-0.01132931635	-0.007504494532	-0.001819067887	0.006261484058	0.01483500234	0.02174099608	0.02576945086	0.02343411424	0.02014920725	0.02138236142	0.01769392354	0.01172565168	0.0041249332	-0.003391119215	-0.009114290999	-0.01315197456	-0.01524143231	-0.01664443342	-0.0169365509	-0.01664443342	-0.01524143231	-0.01315197456	-0.009114290999	-0.003391119215	0.0041249332	0.01172565168	0.01769392354	0.02138236142	0.02014920725	0.01664572865	0.01679873589	0.01327915777	0.008066553165	0.001304162236	-0.005727192028	-0.01158688555	-0.01605470308	-0.01858955396	-0.02012041988	-0.0204540414	-0.02012041988	-0.01858955396	-0.01605470308	-0.01158688555	-0.005727192028	0.001304162236	0.008066553165	0.01327915777	0.01679873589	0.01664572865	0.01295146648	0.01222017337	0.008837102769	0.004267864181	-0.001710456843	-0.008206492712	-0.01409083287	-0.0189364361	-0.02199557386	-0.02380390768	-0.02425337688	-0.02380390768	-0.02199557386	-0.0189364361	-0.01409083287	-0.008206492712	-0.001710456843	0.004267864181	0.008837102769	0.01222017337	0.01295146648	0.009792988334	0.008404673109	0.005130527049	0.00106055412	-0.004248178737	-0.01020991387	-0.01598462711	-0.02105779314	-0.02456353682	-0.02667403448	-0.02725978455	-0.02667403448	-0.02456353682	-0.02105779314	-0.01598462711	-0.01020991387	-0.004248178737	0.00106055412	0.005130527049	0.008404673109	0.009792988334	0.006594313069	0.004658708791	0.001617051529	-0.001873807169	-0.006340176067	-0.01140642179	-0.0165312874	-0.02123848632	-0.02473151724	-0.02690416382	-0.02755893513	-0.02690416382	-0.02473151724	-0.02123848632	-0.0165312874	-0.01140642179	-0.006340176067	-0.001873807169	0.001617051529	0.004658708791	0.006594313069	0.003429907249	0.001456658009	-0.0009922452427	-0.003679767769	-0.006989923355	-0.01059237929	-0.01421149219	-0.01756387114	-0.02016516876	-0.0218561707	-0.02239506377	-0.0218561707	-0.02016516876	-0.01756387114	-0.01421149219	-0.01059237929	-0.006989923355	-0.003679767769	-0.0009922452427	0.001456658009	0.003429907249
