0	0.03333333333	0.06666666667	0.1	0.1333333333	0.1666666667	0.2	0.2333333333	0.2666666667	0.3	0.3333333333	0.3666666667	0.4	0.4333333333	0.4666666667	0.5	0.5333333333	0.5666666667	0.6	0.6333333333	0.6666666667	0.7	0.7333333333	0.7666666667	0.8	0.8333333333	0.8666666667	0.9	0.9333333333	0.9666666667	1	0	0.03333333333	0.06666666667	0.1	0.1333333333	0.1666666667	0.2	0.2333333333	0.2666666667	0.3	0.3333333333	0.3666666667	0.4	0.4333333333	0.4666666667	0.5	0.5333333333	0.5666666667	0.6	0.6333333333	0.6666666667	0.7	0.7333333333	0.7666666667	0.8	0.8333333333	0.8666666667	0.9	0.9333333333	0.9666666667	1	0	0.03333333333	0.06666666667	0.1	0.1333333333	0.1666666667	0.2	0.2333333333	0.2666666667	0.3	0.3333333333	0.3666666667	0.4	0.4333333333	0.4666666667	0.5	0.5333333333	0.5666666667	0.6	0.6333333333	0.6666666667	0.7	0.7333333333	0.7666666667	0.8	0.8333333333	0.8666666667	0.9	0.9333333333	0.9666666667	1	0	0.03333333333	0.06666666667	0.1	0.1333333333	0.1666666667	0.2	0.2333333333	0.2666666667	0.3	0.3333333333	0.3666666667	0.4	0.4333333333	0.4666666667	0.5	0.5333333333	0.5666666667	0.6	0.6333333333	0.6666666667	0.7	0.7333333333	0.7666666667	0.8	0.8333333333	0.8666666667	0.9	0.9333333333	0.9666666667	1	0	0.03333333333	0.06666666667	0.1	0.1333333333	0.1666666667	0.2	0.2333333333	0.2666666667	0.3	0.3333333333	0.3666666667	0.4	0.4333333333	0.4666666667	0.5	0.5333333333	0.5666666667	0.6	0.6333333333	0.6666666667	0.7	0.7333333333	0.7666666667	0.8	0.8333333333	0.8666666667	0.9	0.9333333333	0.9666666667	1	0	0.03333333333	0.06666666667	0.1	0.1333333333	0.1666666667	0.2	0.2333333333	0.2666666667	0.3	0.3333333333	0.3666666667	0.4	0.4333333333	0.4666666667	0.5	0.5333333333	0.5666666667	0.6	0.6333333333	0.6666666667	0.7	0.7333333333	0.7666666667	0.8	0.8333333333	0.8666666667	0.9	0.9333333333	0.9666666667	1	0	0.03333333333	0.06666666667	0.1	0.1333333333	0.1666666667	0.2	0.2333333333	0.2666666667	0.3	0.3333333333	0.3666666667	0.4	0.4333333333	0.4666666667	0.5	0.5333333333	0.5666666667	0.6	0.6333333333	0.6666666667	0.7	0.7333333333	0.7666666667	0.8	0.8333333333	0.8666666667	0.9	0.9333333333	0.9666666667	1	0	0.03333333333	0.06666666667	0.1	0.1333333333	0.1666666667	0.2	0.2333333333	0.2666666667	0.3	0.3333333333	0.3666666667	0.4	0.4333333333	0.4666666667	0.5	0.5333333333	0.5666666667	0.6	0.6333333333	0.6666666667	0.7	0.7333333333	0.7666666667	0.8	0.8333333333	0.8666666667	0.9	0.9333333333	0.9666666667	1	0	0.03333333333	0.06666666667	0.1	0.1333333333	0.1666666667	0.2	0.2333333333	0.2666666667	0.3	0.3333333333	0.3666666667	0.4	0.4333333333	0.4666666667	0.5	0.5333333333	0.5666666667	0.6	0.6333333333	0.6666666667	0.7	0.7333333333	0.7666666667	0.8	0.8333333333	0.8666666667	0.9	0.9333333333	0.9666666667	1	0	0.03333333333	0.06666666667	0.1	0.1333333333	0.1666666667	0.2	0.2333333333	0.2666666667	0.3	0.3333333333	0.3666666667	0.4	0.4333333333	0.4666666667	0.5	0.5333333333	0.5666666667	0.6	0.6333333333	0.6666666667	0.7	0.7333333333	0.7666666667	0.8	0.8333333333	0.8666666667	0.9	0.9333333333	0.9666666667	1	0	0.03333333333	0.06666666667	0.1	0.1333333333	0.1666666667	0.2	0.2333333333	0.2666666667	0.3	0.3333333333	0.3666666667	0.4	0.4333333333	0.4666666667	0.5	0.5333333333	0.5666666667	0.6	0.6333333333	0.6666666667	0.7	0.7333333333	0.7666666667	0.8	0.8333333333	0.8666666667	0.9	0.9333333333	0.9666666667	1	0	0.03333333333	0.06666666667	0.1	0.1333333333	0.1666666667	0.2	0.2333333333	0.2666666667	0.3	0.3333333333	0.3666666667	0.4	0.4333333333	0.4666666667	0.5	0.5333333333	0.5666666667	0.6	0.6333333333	0.6666666667	0.7	0.7333333333	0.7666666667	0.8	0.8333333333	0.8666666667	0.9	0.9333333333	0.9666666667	1	0	0.03333333333	0.06666666667	0.1	0.1333333333	0.1666666667	0.2	0.2333333333	0.2666666667	0.3	0.3333333333	0.3666666667	0.4	0.4333333333	0.4666666667	0.5	0.5333333333	0.5666666667	0.6	0.6333333333	0.6666666667	0.7	0.7333333333	0.7666666667	0.8	0.8333333333	0.8666666667	0.9	0.9333333333	0.9666666667	1	0	0.03333333333	0.06666666667	0.1	0.1333333333	0.1666666667	0.2	0.2333333333	0.2666666667	0.3	0.3333333333	0.3666666667	0.4	0.4333333333	0.4666666667	0.5	0.5333333333	0.5666666667	0.6	0.6333333333	0.6666666667	0.7	0.7333333333	0.7666666667	0.8	0.8333333333	0.8666666667	0.9	0.9333333333	0.9666666667	1	0	0.03333333333	0.06666666667	0.1	0.1333333333	0.1666666667	0.2	0.2333333333	0.2666666667	0.3	0.3333333333	0.3666666667	0.4	0.4333333333	0.4666666667	0.5	0.5333333333	0.5666666667	0.6	0.6333333333	0.6666666667	0.7	0.7333333333	0.7666666667	0.8	0.8333333333	0.8666666667	0.9	0.9333333333	0.9666666667	1	0	0.03333333333	0.06666666667	0.1	0.1333333333	0.1666666667	0.2	0.2333333333	0.2666666667	0.3	0.3333333333	0.3666666667	0.4	0.4333333333	0.4666666667	0.5	0.5333333333	0.5666666667	0.6	0.6333333333	0.6666666667	0.7	0.7333333333	0.7666666667	0.8	0.8333333333	0.8666666667	0.9	0.9333333333	0.9666666667	1	0	0.03333333333	0.06666666667	0.1	0.1333333333	0.1666666667	0.2	0.2333333333	0.2666666667	0.3	0.3333333333	0.3666666667	0.4	0.4333333333	0.4666666667	0.5	0.5333333333	0.5666666667	0.6	0.6333333333	0.6666666667	0.7	0.7333333333	0.7666666667	0.8	0.8333333333	0.8666666667	0.9	0.9333333333	0.9666666667	1	0	0.03333333333	0.06666666667	0.1	0.1333333333	0.1666666667	0.2	0.2333333333	0.2666666667	0.3	0.3333333333	0.3666666667	0.4	0.4333333333	0.4666666667	0.5	0.5333333333	0.5666666667	0.6	0.6333333333	0.6666666667	0.7	0.7333333333	0.7666666667	0.8	0.8333333333	0.8666666667	0.9	0.9333333333	0.9666666667	1	0	0.03333333333	0.06666666667	0.1	0.1333333333	0.1666666667	0.2	0.2333333333	0.2666666667	0.3	0.3333333333	0.3666666667	0.4	0.4333333333	0.4666666667	0.5	0.5333333333	0.5666666667	0.6	0.6333333333	0.6666666667	0.7	0.7333333333	0.7666666667	0.8	0.8333333333	0.8666666667	0.9	0.9333333333	0.9666666667	1	0	0.03333333333	0.06666666667	0.1	0.1333333333	0.1666666667	0.2	0.2333333333	0.2666666667	0.3	0.3333333333	0.3666666667	0.4	0.4333333333	0.4666666667	0.5	0.5333333333	0.5666666667	0.6	0.6333333333	0.6666666667	0.7	0.7333333333	0.7666666667	0.8	0.8333333333	0.8666666667	0.9	0.9333333333	0.9666666667	1	0	0.03333333333	0.06666666667	0.1	0.1333333333	0.1666666667	0.2	0.2333333333	0.2666666667	0.3	0.3333333333	0.3666666667	0.4	0.4333333333	0.4666666667	0.5	0.5333333333	0.5666666667	0.6	0.6333333333	0.6666666667	0.7	0.7333333333	0.7666666667	0.8	0.8333333333	0.8666666667	0.9	0.9333333333	0.9666666667	1	0	0.03333333333	0.06666666667	0.1	0.1333333333	0.1666666667	0.2	0.2333333333	0.2666666667	0.3	0.3333333333	0.3666666667	0.4	0.4333333333	0.4666666667	0.5	0.5333333333	0.5666666667	0.6	0.6333333333	0.6666666667	0.7	0.7333333333	0.7666666667	0.8	0.8333333333	0.8666666667	0.9	0.9333333333	0.9666666667	1	0	0.03333333333	0.06666666667	0.1	0.1333333333	0.1666666667	0.2	0.2333333333	0.2666666667	0.3	0.3333333333	0.3666666667	0.4	0.4333333333	0.4666666667	0.5	0.5333333333	0.5666666667	0.6	0.6333333333	0.6666666667	0.7	0.7333333333	0.7666666667	0.8	0.8333333333	0.8666666667	0.9	0.9333333333	0.9666666667	1	0	0.03333333333	0.06666666667	0.1	0.1333333333	0.1666666667	0.2	0.2333333333	0.2666666667	0.3	0.3333333333	0.3666666667	0.4	0.4333333333	0.4666666667	0.5	0.5333333333	0.5666666667	0.6	0.6333333333	0.6666666667	0.7	0.7333333333	0.7666666667	0.8	0.8333333333	0.8666666667	0.9	0.9333333333	0.9666666667	1	0	0.03333333333	0.06666666667	0.1	0.1333333333	0.1666666667	0.2	0.2333333333	0.2666666667	0.3	0.3333333333	0.3666666667	0.4	0.4333333333	0.4666666667	0.5	0.5333333333	0.5666666667	0.6	0.6333333333	0.6666666667	0.7	0.7333333333	0.7666666667	0.8	0.8333333333	0.8666666667	0.9	0.9333333333	0.9666666667	1	0	0.03333333333	0.06666666667	0.1	0.1333333333	0.1666666667	0.2	0.2333333333	0.2666666667	0.3	0.3333333333	0.3666666667	0.4	0.4333333333	0.4666666667	0.5	0.5333333333	0.5666666667	0.6	0.6333333333	0.6666666667	0.7	0.7333333333	0.7666666667	0.8	0.8333333333	0.8666666667	0.9	0.9333333333	0.9666666667	1	0	0.03333333333	0.06666666667	0.1	0.1333333333	0.1666666667	0.2	0.2333333333	0.2666666667	0.3	0.3333333333	0.3666666667	0.4	0.4333333333	0.4666666667	0.5	0.5333333333	0.5666666667	0.6	0.6333333333	0.6666666667	0.7	0.7333333333	0.7666666667	0.8	0.8333333333	0.8666666667	0.9	0.9333333333	0.9666666667	1	0	0.03333333333	0.06666666667	0.1	0.1333333333	0.1666666667	0.2	0.2333333333	0.2666666667	0.3	0.3333333333	0.3666666667	0.4	0.4333333333	0.4666666667	0.5	0.5333333333	0.5666666667	0.6	0.6333333333	0.6666666667	0.7	0.7333333333	0.7666666667	0.8	0.8333333333	0.8666666667	0.9	0.9333333333	0.9666666667	1	0	0.03333333333	0.06666666667	0.1	0.1333333333	0.1666666667	0.2	0.2333333333	0.2666666667	0.3	0.3333333333	0.3666666667	0.4	0.4333333333	0.4666666667	0.5	0.5333333333	0.5666666667	0.6	0.6333333333	0.6666666667	0.7	0.7333333333	0.7666666667	0.8	0.8333333333	0.8666666667	0.9	0.9333333333	0.9666666667	1	0	0.03333333333	0.06666666667	0.1	0.1333333333	0.1666666667	0.2	0.2333333333	0.2666666667	0.3	0.3333333333	0.3666666667	0.4	0.4333333333	0.4666666667	0.5	0.5333333333	0.5666666667	0.6	0.6333333333	0.6666666667	0.7	0.7333333333	0.7666666667	0.8	0.8333333333	0.8666666667	0.9	0.9333333333	0.9666666667	1	0	0.03333333333	0.06666666667	0.1	0.1333333333	0.1666666667	0.2	0.2333333333	0.2666666667	0.3	0.3333333333	0.3666666667	0.4	0.4333333333	0.4666666667	0.5	0.5333333333	0.5666666667	0.6	0.6333333333	0.6666666667	0.7	0.7333333333	0.7666666667	0.8	0.8333333333	0.8666666667	0.9	0.9333333333	0.9666666667	1
0	0	0	0	0	0	0	0	0	0	0	0	0	0	0	0	0	0	0	0	0	0	0	0	0	0	0	0	0	0	0	0.03333333333	0.03333333333	0.03333333333	0.03333333333	0.03333333333	0.03333333333	0.03333333333	0.03333333333	0.03333333333	0.03333333333	0.03333333333	0.03333333333	0.03333333333	0.03333333333	0.03333333333	0.03333333333	0.03333333333	0.03333333333	0.03333333333	0.03333333333	0.03333333333	0.03333333333	0.03333333333	0.03333333333	0.03333333333	0.03333333333	0.03333333333	0.03333333333	0.03333333333	0.03333333333	0.03333333333	0.06666666667	0.06666666667	0.06666666667	0.06666666667	0.06666666667	0.06666666667	0.06666666667	0.06666666667	0.06666666667	0.06666666667	0.06666666667	0.06666666667	0.06666666667	0.06666666667	0.06666666667	0.06666666667	0.06666666667	0.06666666667	0.06666666667	0.06666666667	0.06666666667	0.06666666667	0.06666666667	0.06666666667	0.06666666667	0.06666666667	0.06666666667	0.06666666667	0.06666666667	0.06666666667	0.06666666667	0.1	0.1	0.1	0.1	0.1	0.1	0.1	0.1	0.1	0.1	0.1	0.1	0.1	0.1	0.1	0.1	0.1	0.1	0.1	0.1	0.1	0.1	0.1	0.1	0.1	0.1	0.1	0.1	0.1	0.1	0.1	0.1333333333	0.1333333333	0.1333333333	0.1333333333	0.1333333333	0.1333333333	0.1333333333	0.1333333333	0.1333333333	0.1333333333	0.1333333333	0.1333333333	0.1333333333	0.1333333333	0.1333333333	0.1333333333	0.1333333333	0.1333333333	0.1333333333	0.1333333333	0.1333333333	0.1333333333	0.1333333333	0.1333333333	0.1333333333	0.1333333333	0.1333333333	0.1333333333	0.1333333333	0.1333333333	0.1333333333	0.1666666667	0.1666666667	0.1666666667	0.1666666667	0.1666666667	0.1666666667	0.1666666667	0.1666666667	0.1666666667	0.1666666667	0.1666666667	0.1666666667	0.1666666667	0.1666666667	0.1666666667	0.1666666667	0.1666666667	0.1666666667	0.1666666667	0.1666666667	0.1666666667	0.1666666667	0.1666666667	0.1666666667	0.1666666667	0.1666666667	0.1666666667	0.1666666667	0.1666666667	0.1666666667	0.1666666667	0.2	0.2	0.2	0.2	0.2	0.2	0.2	0.2	0.2	0.2	0.2	0.2	0.2	0.2	0.2	0.2	0.2	0.2	0.2	0.2	0.2	0.2	0.2	0.2	0.2	0.2	0.2	0.2	0.2	0.2	0.2	0.2333333333	0.2333333333	0.2333333333	0.2333333333	0.2333333333	0.2333333333	0.2333333333	0.2333333333	0.2333333333	0.2333333333	0.2333333333	0.2333333333	0.2333333333	0.2333333333	0.2333333333	0.2333333333	0.2333333333	0.2333333333	0.2333333333	0.2333333333	0.2333333333	0.2333333333	0.2333333333	0.2333333333	0.2333333333	0.2333333333	0.2333333333	0.2333333333	0.2333333333	0.2333333333	0.2333333333	0.2666666667	0.2666666667	0.2666666667	0.2666666667	0.2666666667	0.2666666667	0.2666666667	0.2666666667	0.2666666667	0.2666666667	0.2666666667	0.2666666667	0.2666666667	0.2666666667	0.2666666667	0.2666666667	0.2666666667	0.2666666667	0.2666666667	0.2666666667	0.2666666667	0.2666666667	0.2666666667	0.2666666667	0.2666666667	0.2666666667	0.2666666667	0.2666666667	0.2666666667	0.2666666667	0.2666666667	0.3	0.3	0.3	0.3	0.3	0.3	0.3	0.3	0.3	0.3	0.3	0.3	0.3	0.3	0.3	0.3	0.3	0.3	0.3	0.3	0.3	0.3	0.3	0.3	0.3	0.3	0.3	0.3	0.3	0.3	0.3	0.3333333333	0.3333333333	0.3333333333	0.3333333333	0.3333333333	0.3333333333	0.3333333333	0.3333333333	0.3333333333	0.3333333333	0.3333333333	0.3333333333	0.3333333333	0.3333333333	0.3333333333	0.3333333333	0.3333333333	0.3333333333	0.3333333333	0.3333333333	0.3333333333	0.3333333333	0.3333333333	0.3333333333	0.3333333333	0.3333333333	0.3333333333	0.3333333333	0.3333333333	0.3333333333	0.3333333333	0.3666666667	0.3666666667	0.3666666667	0.3666666667	0.3666666667	0.3666666667	0.3666666667	0.3666666667	0.3666666667	0.3666666667	0.3666666667	0.3666666667	0.3666666667	0.3666666667	0.3666666667	0.3666666667	0.3666666667	0.3666666667	0.3666666667	0.3666666667	0.3666666667	0.3666666667	0.3666666667	0.3666666667	0.3666666667	0.3666666667	0.3666666667	0.3666666667	0.3666666667	0.3666666667	0.3666666667	0.4	0.4	0.4	0.4	0.4	0.4	0.4	0.4	0.4	0.4	0.4	0.4	0.4	0.4	0.4	0.4	0.4	0.4	0.4	0.4	0.4	0.4	0.4	0.4	0.4	0.4	0.4	0.4	0.4	0.4	0.4	0.4333333333	0.4333333333	0.4333333333	0.4333333333	0.4333333333	0.4333333333	0.4333333333	0.4333333333	0.4333333333	0.4333333333	0.4333333333	0.4333333333	0.4333333333	0.4333333333	0.4333333333	0.4333333333	0.4333333333	0.4333333333	0.4333333333	0.4333333333	0.4333333333	0.4333333333	0.4333333333	0.4333333333	0.4333333333	0.4333333333	0.4333333333	0.4333333333	0.4333333333	0.4333333333	0.4333333333	0.4666666667	0.4666666667	0.4666666667	0.4666666667	0.4666666667	0.4666666667	0.4666666667	0.4666666667	0.4666666667	0.4666666667	0.4666666667	0.4666666667	0.4666666667	0.4666666667	0.4666666667	0.4666666667	0.4666666667	0.4666666667	0.4666666667	0.4666666667	0.4666666667	0.4666666667	0.4666666667	0.4666666667	0.4666666667	0.4666666667	0.4666666667	0.4666666667	0.4666666667	0.4666666667	0.4666666667	0.5	0.5	0.5	0.5	0.5	0.5	0.5	0.5	0.5	0.5	0.5	0.5	0.5	0.5	0.5	0.5	0.5	0.5	0.5	0.5	0.5	0.5	0.5	0.5	0.5	0.5	0.5	0.5	0.5	0.5	0.5	0.5333333333	0.5333333333	0.5333333333	0.5333333333	0.5333333333	0.5333333333	0.5333333333	0.5333333333	0.5333333333	0.5333333333	0.5333333333	0.5333333333	0.5333333333	0.5333333333	0.5333333333	0.5333333333	0.5333333333	0.5333333333	0.5333333333	0.5333333333	0.5333333333	0.5333333333	0.5333333333	0.5333333333	0.5333333333	0.5333333333	0.5333333333	0.5333333333	0.5333333333	0.5333333333	0.5333333333	0.5666666667	0.5666666667	0.5666666667	0.5666666667	0.5666666667	0.5666666667	0.5666666667	0.5666666667	0.5666666667	0.5666666667	0.5666666667	0.5666666667	0.5666666667	0.5666666667	0.5666666667	0.5666666667	0.5666666667	0.5666666667	0.5666666667	0.5666666667	0.5666666667	0.5666666667	0.5666666667	0.5666666667	0.5666666667	0.5666666667	0.5666666667	0.5666666667	0.5666666667	0.5666666667	0.5666666667	0.6	0.6	0.6	0.6	0.6	0.6	0.6	0.6	0.6	0.6	0.6	0.6	0.6	0.6	0.6	0.6	0.6	0.6	0.6	0.6	0.6	0.6	0.6	0.6	0.6	0.6	0.6	0.6	0.6	0.6	0.6	0.6333333333	0.6333333333	0.6333333333	0.6333333333	0.6333333333	0.6333333333	0.6333333333	0.6333333333	0.6333333333	0.6333333333	0.6333333333	0.6333333333	0.6333333333	0.6333333333	0.6333333333	0.6333333333	0.6333333333	0.6333333333	0.6333333333	0.6333333333	0.6333333333	0.6333333333	0.6333333333	0.6333333333	0.6333333333	0.6333333333	0.6333333333	0.6333333333	0.6333333333	0.6333333333	0.6333333333	0.6666666667	0.6666666667	0.6666666667	0.6666666667	0.6666666667	0.6666666667	0.6666666667	0.6666666667	0.6666666667	0.6666666667	0.6666666667	0.6666666667	0.6666666667	0.6666666667	0.6666666667	0.6666666667	0.6666666667	0.6666666667	0.6666666667	0.6666666667	0.6666666667	0.6666666667	0.6666666667	0.6666666667	0.6666666667	0.6666666667	0.6666666667	0.6666666667	0.6666666667	0.6666666667	0.6666666667	0.7	0.7	0.7	0.7	0.7	0.7	0.7	0.7	0.7	0.7	0.7	0.7	0.7	0.7	0.7	0.7	0.7	0.7	0.7	0.7	0.7	0.7	0.7	0.7	0.7	0.7	0.7	0.7	0.7	0.7	0.7	0.7333333333	0.7333333333	0.7333333333	0.7333333333	0.7333333333	0.7333333333	0.7333333333	0.7333333333	0.7333333333	0.7333333333	0.7333333333	0.7333333333	0.7333333333	0.7333333333	0.7333333333	0.7333333333	0.7333333333	0.7333333333	0.7333333333	0.7333333333	0.7333333333	0.7333333333	0.7333333333	0.7333333333	0.7333333333	0.7333333333	0.7333333333	0.7333333333	0.7333333333	0.7333333333	0.7333333333	0.7666666667	0.7666666667	0.7666666667	0.7666666667	0.7666666667	0.7666666667	0.7666666667	0.7666666667	0.7666666667	0.7666666667	0.7666666667	0.7666666667	0.7666666667	0.7666666667	0.7666666667	0.7666666667	0.7666666667	0.7666666667	0.7666666667	0.7666666667	0.7666666667	0.7666666667	0.7666666667	0.7666666667	0.7666666667	0.7666666667	0.7666666667	0.7666666667	0.7666666667	0.7666666667	0.7666666667	0.8	0.8	0.8	0.8	0.8	0.8	0.8	0.8	0.8	0.8	0.8	0.8	0.8	0.8	0.8	0.8	0.8	0.8	0.8	0.8	0.8	0.8	0.8	0.8	0.8	0.8	0.8	0.8	0.8	0.8	0.8	0.8333333333	0.8333333333	0.8333333333	0.8333333333	0.8333333333	0.8333333333	0.8333333333	0.8333333333	0.8333333333	0.8333333333	0.8333333333	0.8333333333	0.8333333333	0.8333333333	0.8333333333	0.8333333333	0.8333333333	0.8333333333	0.8333333333	0.8333333333	0.8333333333	0.8333333333	0.8333333333	0.8333333333	0.8333333333	0.8333333333	0.8333333333	0.8333333333	0.8333333333	0.8333333333	0.8333333333	0.8666666667	0.8666666667	0.8666666667	0.8666666667	0.8666666667	0.8666666667	0.8666666667	0.8666666667	0.8666666667	0.8666666667	0.8666666667	0.8666666667	0.8666666667	0.8666666667	0.8666666667	0.8666666667	0.8666666667	0.8666666667	0.8666666667	0.8666666667	0.8666666667	0.8666666667	0.8666666667	0.8666666667	0.8666666667	0.8666666667	0.8666666667	0.8666666667	0.8666666667	0.8666666667	0.8666666667	0.9	0.9	0.9	0.9	0.9	0.9	0.9	0.9	0.9	0.9	0.9	0.9	0.9	0.9	0.9	0.9	0.9	0.9	0.9	0.9	0.9	0.9	0.9	0.9	0.9	0.9	0.9	0.9	0.9	0.9	0.9	0.9333333333	0.9333333333	0.9333333333	0.9333333333	0.9333333333	0.9333333333	0.9333333333	0.9333333333	0.9333333333	0.9333333333	0.9333333333	0.9333333333	0.9333333333	0.9333333333	0.9333333333	0.9333333333	0.9333333333	0.9333333333	0.9333333333	0.9333333333	0.9333333333	0.9333333333	0.9333333333	0.9333333333	0.9333333333	0.9333333333	0.9333333333	0.9333333333	0.9333333333	0.9333333333	0.9333333333	0.9666666667	0.9666666667	0.9666666667	0.9666666667	0.9666666667	0.9666666667	0.9666666667	0.9666666667	0.9666666667	0.9666666667	0.9666666667	0.9666666667	0.9666666667	0.9666666667	0.9666666667	0.9666666667	0.9666666667	0.9666666667	0.9666666667	0.9666666667	0.9666666667	0.9666666667	0.9666666667	0.9666666667	0.9666666667	0.9666666667	0.9666666667	0.9666666667	0.9666666667	0.9666666667	0.9666666667	1	1	1	1	1	1	1	1	1	1	1	1	1	1	1	1	1	1	1	1	1	1	1	1	1	1	1	1	1	1	1
0.03323307794	0.0316854441	0.03385415027	0.03768769172	0.04339759217	0.04957707731	0.05650214028	0.0631676121	0.06978007072	0.07566448625	0.08099215735	0.08538936387	0.08897058859	0.09153029702	0.09312477626	0.09363591951	0.09312477626	0.09153029702	0.08897058859	0.08538936387	0.08099215735	0.07566448625	0.06978007072	0.0631676121	0.05650214028	0.04957707731	0.04339759217	0.03768769172	0.03385415027	0.0316854441	0.03323307794	0.0316854441	0.02929814401	0.03065358342	0.0337729617	0.03874918428	0.04423139718	0.05043233273	0.05647929147	0.06255390263	0.06808812058	0.0732018623	0.07753726106	0.0811320975	0.08375202404	0.08539502571	0.08592924472	0.08539502571	0.08375202404	0.0811320975	0.07753726106	0.0732018623	0.06808812058	0.06255390263	0.05647929147	0.05043233273	0.04423139718	0.03874918428	0.0337729617	0.03065358342	0.02929814401	0.0316854441	0.03385415027	0.03065358342	0.03115119824	0.03346204825	0.03760525066	0.04218925756	0.04739938337	0.05245021837	0.0575730778	0.06228988391	0.06674661259	0.07059064423	0.07383966059	0.0762292371	0.07774159224	0.07823216981	0.07774159224	0.0762292371	0.07383966059	0.07059064423	0.06674661259	0.06228988391	0.0575730778	0.05245021837	0.04739938337	0.04218925756	0.03760525066	0.03346204825	0.03115119824	0.03065358342	0.03385415027	0.03768769172	0.0337729617	0.03346204825	0.03497898758	0.03830780513	0.04199148522	0.04624249092	0.05032364276	0.05454592457	0.05847190611	0.06227774519	0.06558972192	0.06842530788	0.07050228364	0.07182226325	0.07224380831	0.07182226325	0.07050228364	0.06842530788	0.06558972192	0.06227774519	0.05847190611	0.05454592457	0.05032364276	0.04624249092	0.04199148522	0.03830780513	0.03497898758	0.03346204825	0.0337729617	0.03768769172	0.04339759217	0.03874918428	0.03760525066	0.03830780513	0.0408818463	0.04377412796	0.04727224219	0.05063700986	0.05426330399	0.05768777099	0.06109301283	0.06404425403	0.06656648388	0.06836962474	0.06950773825	0.06985931978	0.06950773825	0.06836962474	0.06656648388	0.06404425403	0.06109301283	0.05768777099	0.05426330399	0.05063700986	0.04727224219	0.04377412796	0.0408818463	0.03830780513	0.03760525066	0.03874918428	0.04339759217	0.04957707731	0.04423139718	0.04218925756	0.04199148522	0.04377412796	0.04591119418	0.04880486827	0.051678178	0.0549825224	0.05815923153	0.06135320255	0.0640427515	0.06627269229	0.06777654184	0.06869965604	0.06896646313	0.06869965604	0.06777654184	0.06627269229	0.0640427515	0.06135320255	0.05815923153	0.0549825224	0.051678178	0.04880486827	0.04591119418	0.04377412796	0.04199148522	0.04218925756	0.04423139718	0.04957707731	0.05650214028	0.05043233273	0.04739938337	0.04624249092	0.04727224219	0.04880486827	0.05135560322	0.05404004089	0.05731043026	0.0604330859	0.06349171102	0.06588235235	0.06771928061	0.06881069335	0.06943740356	0.06958960931	0.06943740356	0.06881069335	0.06771928061	0.06588235235	0.06349171102	0.0604330859	0.05731043026	0.05404004089	0.05135560322	0.04880486827	0.04727224219	0.04624249092	0.04739938337	0.05043233273	0.05650214028	0.0631676121	0.05647929147	0.05245021837	0.05032364276	0.05063700986	0.051678178	0.05404004089	0.05666409724	0.05993632621	0.06290614405	0.06560937223	0.06741876266	0.06859273724	0.06906967422	0.06928392112	0.06928491704	0.06928392112	0.06906967422	0.06859273724	0.06741876266	0.06560937223	0.06290614405	0.05993632621	0.05666409724	0.05404004089	0.051678178	0.05063700986	0.05032364276	0.05245021837	0.05647929147	0.0631676121	0.06978007072	0.06255390263	0.0575730778	0.05454592457	0.05426330399	0.0549825224	0.05731043026	0.05993632621	0.0631293706	0.06572033059	0.0677683874	0.0687210905	0.06906158878	0.06887237703	0.06869153426	0.06855765193	0.06869153426	0.06887237703	0.06906158878	0.0687210905	0.0677683874	0.06572033059	0.0631293706	0.05993632621	0.05731043026	0.0549825224	0.05426330399	0.05454592457	0.0575730778	0.06255390263	0.06978007072	0.07566448625	0.06808812058	0.06228988391	0.05847190611	0.05768777099	0.05815923153	0.0604330859	0.06290614405	0.06572033059	0.06756196183	0.06863621479	0.06858960243	0.06817617209	0.06755961221	0.06723044194	0.06706547322	0.06723044194	0.06755961221	0.06817617209	0.06858960243	0.06863621479	0.06756196183	0.06572033059	0.06290614405	0.0604330859	0.05815923153	0.05768777099	0.05847190611	0.06228988391	0.06808812058	0.07566448625	0.08099215735	0.0732018623	0.06674661259	0.06227774519	0.06109301283	0.06135320255	0.06349171102	0.06560937223	0.0677683874	0.06863621479	0.06871351519	0.0679502836	0.06735234509	0.06700446567	0.06709817049	0.06712317403	0.06709817049	0.06700446567	0.06735234509	0.0679502836	0.06871351519	0.06863621479	0.0677683874	0.06560937223	0.06349171102	0.06135320255	0.06109301283	0.06227774519	0.06674661259	0.0732018623	0.08099215735	0.08538936387	0.07753726106	0.07059064423	0.06558972192	0.06404425403	0.0640427515	0.06588235235	0.06741876266	0.0687210905	0.06858960243	0.0679502836	0.06711436711	0.06725314711	0.06815564849	0.06942485211	0.06992295057	0.06942485211	0.06815564849	0.06725314711	0.06711436711	0.0679502836	0.06858960243	0.0687210905	0.06741876266	0.06588235235	0.0640427515	0.06404425403	0.06558972192	0.07059064423	0.07753726106	0.08538936387	0.08897058859	0.0811320975	0.07383966059	0.06842530788	0.06656648388	0.06627269229	0.06771928061	0.06859273724	0.06906158878	0.06817617209	0.06735234509	0.06725314711	0.06909551505	0.07217904178	0.07529633504	0.0765138095	0.07529633504	0.07217904178	0.06909551505	0.06725314711	0.06735234509	0.06817617209	0.06906158878	0.06859273724	0.06771928061	0.06627269229	0.06656648388	0.06842530788	0.07383966059	0.0811320975	0.08897058859	0.09153029702	0.08375202404	0.0762292371	0.07050228364	0.06836962474	0.06777654184	0.06881069335	0.06906967422	0.06887237703	0.06755961221	0.06700446567	0.06815564849	0.07217904178	0.07781529501	0.0830064392	0.08501909857	0.0830064392	0.07781529501	0.07217904178	0.06815564849	0.06700446567	0.06755961221	0.06887237703	0.06906967422	0.06881069335	0.06777654184	0.06836962474	0.07050228364	0.0762292371	0.08375202404	0.09153029702	0.09312477626	0.08539502571	0.07774159224	0.07182226325	0.06950773825	0.06869965604	0.06943740356	0.06928392112	0.06869153426	0.06723044194	0.06709817049	0.06942485211	0.07529633504	0.0830064392	0.08984697936	0.09248693156	0.08984697936	0.0830064392	0.07529633504	0.06942485211	0.06709817049	0.06723044194	0.06869153426	0.06928392112	0.06943740356	0.06869965604	0.06950773825	0.07182226325	0.07774159224	0.08539502571	0.09312477626	0.09363591951	0.08592924472	0.07823216981	0.07224380831	0.06985931978	0.06896646313	0.06958960931	0.06928491704	0.06855765193	0.06706547322	0.06712317403	0.06992295057	0.0765138095	0.08501909857	0.09248693156	0.095364729	0.09248693156	0.08501909857	0.0765138095	0.06992295057	0.06712317403	0.06706547322	0.06855765193	0.06928491704	0.06958960931	0.06896646313	0.06985931978	0.07224380831	0.07823216981	0.08592924472	0.09363591951	0.09312477626	0.08539502571	0.07774159224	0.07182226325	0.06950773825	0.06869965604	0.06943740356	0.06928392112	0.06869153426	0.06723044194	0.06709817049	0.06942485211	0.07529633504	0.0830064392	0.08984697936	0.09248693156	0.08984697936	0.0830064392	0.07529633504	0.06942485211	0.06709817049	0.06723044194	0.06869153426	0.06928392112	0.06943740356	0.06869965604	0.06950773825	0.07182226325	0.07774159224	0.08539502571	0.09312477626	0.09153029702	0.08375202404	0.0762292371	0.07050228364	0.06836962474	0.06777654184	0.06881069335	0.06906967422	0.06887237703	0.06755961221	0.06700446567	0.06815564849	0.07217904178	0.07781529501	0.0830064392	0.08501909857	0.0830064392	0.07781529501	0.07217904178	0.06815564849	0.06700446567	0.06755961221	0.06887237703	0.06906967422	0.06881069335	0.06777654184	0.06836962474	0.07050228364	0.0762292371	0.08375202404	0.09153029702	0.08897058859	0.0811320975	0.07383966059	0.06842530788	0.06656648388	0.06627269229	0.06771928061	0.06859273724	0.06906158878	0.06817617209	0.06735234509	0.06725314711	0.06909551505	0.07217904178	0.07529633504	0.0765138095	0.07529633504	0.07217904178	0.06909551505	0.06725314711	0.06735234509	0.06817617209	0.06906158878	0.06859273724	0.06771928061	0.06627269229	0.06656648388	0.06842530788	0.07383966059	0.0811320975	0.08897058859	0.08538936387	0.07753726106	0.07059064423	0.06558972192	0.06404425403	0.0640427515	0.06588235235	0.06741876266	0.0687210905	0.06858960243	0.0679502836	0.06711436711	0.06725314711	0.06815564849	0.06942485211	0.06992295057	0.06942485211	0.06815564849	0.06725314711	0.06711436711	0.0679502836	0.06858960243	0.0687210905	0.06741876266	0.06588235235	0.0640427515	0.06404425403	0.06558972192	0.07059064423	0.07753726106	0.08538936387	0.08099215735	0.0732018623	0.06674661259	0.06227774519	0.06109301283	0.06135320255	0.06349171102	0.06560937223	0.0677683874	0.06863621479	0.06871351519	0.0679502836	0.06735234509	0.06700446567	0.06709817049	0.06712317403	0.06709817049	0.06700446567	0.06735234509	0.0679502836	0.06871351519	0.06863621479	0.0677683874	0.06560937223	0.06349171102	0.06135320255	0.06109301283	0.06227774519	0.06674661259	0.0732018623	0.08099215735	0.07566448625	0.06808812058	0.06228988391	0.05847190611	0.05768777099	0.05815923153	0.0604330859	0.06290614405	0.06572033059	0.06756196183	0.06863621479	0.06858960243	0.06817617209	0.06755961221	0.06723044194	0.06706547322	0.06723044194	0.06755961221	0.06817617209	0.06858960243	0.06863621479	0.06756196183	0.06572033059	0.06290614405	0.0604330859	0.05815923153	0.05768777099	0.05847190611	0.06228988391	0.06808812058	0.07566448625	0.06978007072	0.06255390263	0.0575730778	0.05454592457	0.05426330399	0.0549825224	0.05731043026	0.05993632621	0.0631293706	0.06572033059	0.0677683874	0.0687210905	0.06906158878	0.06887237703	0.06869153426	0.06855765193	0.06869153426	0.06887237703	0.06906158878	0.0687210905	0.0677683874	0.06572033059	0.0631293706	0.05993632621	0.05731043026	0.0549825224	0.05426330399	0.05454592457	0.0575730778	0.06255390263	0.06978007072	0.0631676121	0.05647929147	0.05245021837	0.05032364276	0.05063700986	0.051678178	0.05404004089	0.05666409724	0.05993632621	0.06290614405	0.06560937223	0.06741876266	0.06859273724	0.06906967422	0.06928392112	0.06928491704	0.06928392112	0.06906967422	0.06859273724	0.06741876266	0.06560937223	0.06290614405	0.05993632621	0.05666409724	0.05404004089	0.051678178	0.05063700986	0.05032364276	0.05245021837	0.05647929147	0.0631676121	0.05650214028	0.05043233273	0.04739938337	0.04624249092	0.04727224219	0.04880486827	0.05135560322	0.05404004089	0.05731043026	0.0604330859	0.06349171102	0.06588235235	0.06771928061	0.06881069335	0.06943740356	0.06958960931	0.06943740356	0.06881069335	0.06771928061	0.06588235235	0.06349171102	0.0604330859	0.05731043026	0.05404004089	0.05135560322	0.04880486827	0.04727224219	0.04624249092	0.04739938337	0.05043233273	0.05650214028	0.04957707731	0.04423139718	0.04218925756	0.04199148522	0.04377412796	0.04591119418	0.04880486827	0.051678178	0.0549825224	0.05815923153	0.06135320255	0.0640427515	0.06627269229	0.06777654184	0.06869965604	0.06896646313	0.06869965604	0.06777654184	0.06627269229	0.0640427515	0.06135320255	0.05815923153	0.0549825224	0.051678178	0.04880486827	0.04591119418	0.04377412796	0.04199148522	0.04218925756	0.04423139718	0.04957707731	0.04339759217	0.03874918428	0.03760525066	0.03830780513	0.0408818463	0.04377412796	0.04727224219	0.05063700986	0.05426330399	0.05768777099	0.06109301283	0.06404425403	0.06656648388	0.06836962474	0.06950773825	0.06985931978	0.06950773825	0.06836962474	0.06656648388	0.06404425403	0.06109301283	0.05768777099	0.05426330399	0.05063700986	0.04727224219	0.04377412796	0.0408818463	0.03830780513	0.03760525066	0.03874918428	0.04339759217	0.03768769172	0.0337729617	0.03346204825	0.03497898758	0.03830780513	0.04199148522	0.04624249092	0.05032364276	0.05454592457	0.05847190611	0.06227774519	0.06558972192	0.06842530788	0.07050228364	0.07182226325	0.07224380831	0.07182226325	0.07050228364	0.06842530788	0.06558972192	0.06227774519	0.05847190611	0.05454592457	0.05032364276	0.04624249092	0.04199148522	0.03830780513	0.03497898758	0.03346204825	0.0337729617	0.03768769172	0.03385415027	0.03065358342	0.03115119824	0.03346204825	0.03760525066	0.04218925756	0.04739938337	0.05245021837	0.0575730778	0.06228988391	0.06674661259	0.07059064423	0.07383966059	0.0762292371	0.07774159224	0.07823216981	0.07774159224	0.0762292371	0.07383966059	0.07059064423	0.06674661259	0.06228988391	0.0575730778	0.05245021837	0.04739938337	0.04218925756	0.03760525066	0.03346204825	0.03115119824	0.03065358342	0.03385415027	0.0316854441	0.02929814401	0.03065358342	0.0337729617	0.03874918428	0.04423139718	0.05043233273	0.05647929147	0.06255390263	0.06808812058	0.0732018623	0.07753726106	0.0811320975	0.08375202404	0.08539502571	0.08592924472	0.08539502571	0.08375202404	0.0811320975	0.07753726106	0.0732018623	0.06808812058	0.06255390263	0.05647929147	0.05043233273	0.04423139718	0.03874918428	0.0337729617	0.03065358342	0.02929814401	0.0316854441	0.03323307794	0.0316854441	0.03385415027	0.03768769172	0.04339759217	0.04957707731	0.05650214028	0.0631676121	0.06978007072	0.07566448625	0.08099215735	0.08538936387	0.08897058859	0.09153029702	0.09312477626	0.09363591951	0.09312477626	0.09153029702	0.08897058859	0.08538936387	0.08099215735	0.07566448625	0.06978007072	0.0631676121	0.05650214028	0.04957707731	0.04339759217	0.03768769172	0.03385415027	0.0316854441	0.03323307794
