0	0.05	0.1	0.15	0.2	0.25	0.3	0.35	0.4	0.45	0.5	0.55	0.6	0.65	0.7	0.75	0.8	0.85	0.9	0.95	1	0	0.05	0.1	0.15	0.2	0.25	0.3	0.35	0.4	0.45	0.5	0.55	0.6	0.65	0.7	0.75	0.8	0.85	0.9	0.95	1	0	0.05	0.1	0.15	0.2	0.25	0.3	0.35	0.4	0.45	0.5	0.55	0.6	0.65	0.7	0.75	0.8	0.85	0.9	0.95	1	0	0.05	0.1	0.15	0.2	0.25	0.3	0.35	0.4	0.45	0.5	0.55	0.6	0.65	0.7	0.75	0.8	0.85	0.9	0.95	1	0	0.05	0.1	0.15	0.2	0.25	0.3	0.35	0.4	0.45	0.5	0.55	0.6	0.65	0.7	0.75	0.8	0.85	0.9	0.95	1	0	0.05	0.1	0.15	0.2	0.25	0.3	0.35	0.4	0.45	0.5	0.55	0.6	0.65	0.7	0.75	0.8	0.85	0.9	0.95	1	0	0.05	0.1	0.15	0.2	0.25	0.3	0.35	0.4	0.45	0.5	0.55	0.6	0.65	0.7	0.75	0.8	0.85	0.9	0.95	1	0	0.05	0.1	0.15	0.2	0.25	0.3	0.35	0.4	0.45	0.5	0.55	0.6	0.65	0.7	0.75	0.8	0.85	0.9	0.95	1	0	0.05	0.1	0.15	0.2	0.25	0.3	0.35	0.4	0.45	0.5	0.55	0.6	0.65	0.7	0.75	0.8	0.85	0.9	0.95	1	0	0.05	0.1	0.15	0.2	0.25	0.3	0.35	0.4	0.45	0.5	0.55	0.6	0.65	0.7	0.75	0.8	0.85	0.9	0.95	1	0	0.05	0.1	0.15	0.2	0.25	0.3	0.35	0.4	0.45	0.5	0.55	0.6	0.65	0.7	0.75	0.8	0.85	0.9	0.95	1	0	0.05	0.1	0.15	0.2	0.25	0.3	0.35	0.4	0.45	0.5	0.55	0.6	0.65	0.7	0.75	0.8	0.85	0.9	0.95	1	0	0.05	0.1	0.15	0.2	0.25	0.3	0.35	0.4	0.45	0.5	0.55	0.6	0.65	0.7	0.75	0.8	0.85	0.9	0.95	1	0	0.05	0.1	0.15	0.2	0.25	0.3	0.35	0.4	0.45	0.5	0.55	0.6	0.65	0.7	0.75	0.8	0.85	0.9	0.95	1	0	0.05	0.1	0.15	0.2	0.25	0.3	0.35	0.4	0.45	0.5	0.55	0.6	0.65	0.7	0.75	0.8	0.85	0.9	0.95	1	0	0.05	0.1	0.15	0.2	0.25	0.3	0.35	0.4	0.45	0.5	0.55	0.6	0.65	0.7	0.75	0.8	0.85	0.9	0.95	1	0	0.05	0.1	0.15	0.2	0.25	0.3	0.35	0.4	0.45	0.5	0.55	0.6	0.65	0.7	0.75	0.8	0.85	0.9	0.95	1	0	0.05	0.1	0.15	0.2	0.25	0.3	0.35	0.4	0.45	0.5	0.55	0.6	0.65	0.7	0.75	0.8	0.85	0.9	0.95	1	0	0.05	0.1	0.15	0.2	0.25	0.3	0.35	0.4	0.45	0.5	0.55	0.6	0.65	0.7	0.75	0.8	0.85	0.9	0.95	1	0	0.05	0.1	0.15	0.2	0.25	0.3	0.35	0.4	0.45	0.5	0.55	0.6	0.65	0.7	0.75	0.8	0.85	0.9	0.95	1	0	0.05	0.1	0.15	0.2	0.25	0.3	0.35	0.4	0.45	0.5	0.55	0.6	0.65	0.7	0.75	0.8	0.85	0.9	0.95	1
0	0	0	0	0	0	0	0	0	0	0	0	0	0	0	0	0	0	0	0	0	0.05	0.05	0.05	0.05	0.05	0.05	0.05	0.05	0.05	0.05	0.05	0.05	0.05	0.05	0.05	0.05	0.05	0.05	0.05	0.05	0.05	0.1	0.1	0.1	0.1	0.1	0.1	0.1	0.1	0.1	0.1	0.1	0.1	0.1	0.1	0.1	0.1	0.1	0.1	0.1	0.1	0.1	0.15	0.15	0.15	0.15	0.15	0.15	0.15	0.15	0.15	0.15	0.15	0.15	0.15	0.15	0.15	0.15	0.15	0.15	0.15	0.15	0.15	0.2	0.2	0.2	0.2	0.2	0.2	0.2	0.2	0.2	0.2	0.2	0.2	0.2	0.2	0.2	0.2	0.2	0.2	0.2	0.2	0.2	0.25	0.25	0.25	0.25	0.25	0.25	0.25	0.25	0.25	0.25	0.25	0.25	0.25	0.25	0.25	0.25	0.25	0.25	0.25	0.25	0.25	0.3	0.3	0.3	0.3	0.3	0.3	0.3	0.3	0.3	0.3	0.3	0.3	0.3	0.3	0.3	0.3	0.3	0.3	0.3	0.3	0.3	0.35	0.35	0.35	0.35	0.35	0.35	0.35	0.35	0.35	0.35	0.35	0.35	0.35	0.35	0.35	0.35	0.35	0.35	0.35	0.35	0.35	0.4	0.4	0.4	0.4	0.4	0.4	0.4	0.4	0.4	0.4	0.4	0.4	0.4	0.4	0.4	0.4	0.4	0.4	0.4	0.4	0.4	0.45	0.45	0.45	0.45	0.45	0.45	0.45	0.45	0.45	0.45	0.45	0.45	0.45	0.45	0.45	0.45	0.45	0.45	0.45	0.45	0.45	0.5	0.5	0.5	0.5	0.5	0.5	0.5	0.5	0.5	0.5	0.5	0.5	0.5	0.5	0.5	0.5	0.5	0.5	0.5	0.5	0.5	0.55	0.55	0.55	0.55	0.55	0.55	0.55	0.55	0.55	0.55	0.55	0.55	0.55	0.55	0.55	0.55	0.55	0.55	0.55	0.55	0.55	0.6	0.6	0.6	0.6	0.6	0.6	0.6	0.6	0.6	0.6	0.6	0.6	0.6	0.6	0.6	0.6	0.6	0.6	0.6	0.6	0.6	0.65	0.65	0.65	0.65	0.65	0.65	0.65	0.65	0.65	0.65	0.65	0.65	0.65	0.65	0.65	0.65	0.65	0.65	0.65	0.65	0.65	0.7	0.7	0.7	0.7	0.7	0.7	0.7	0.7	0.7	0.7	0.7	0.7	0.7	0.7	0.7	0.7	0.7	0.7	0.7	0.7	0.7	0.75	0.75	0.75	0.75	0.75	0.75	0.75	0.75	0.75	0.75	0.75	0.75	0.75	0.75	0.75	0.75	0.75	0.75	0.75	0.75	0.75	0.8	0.8	0.8	0.8	0.8	0.8	0.8	0.8	0.8	0.8	0.8	0.8	0.8	0.8	0.8	0.8	0.8	0.8	0.8	0.8	0.8	0.85	0.85	0.85	0.85	0.85	0.85	0.85	0.85	0.85	0.85	0.85	0.85	0.85	0.85	0.85	0.85	0.85	0.85	0.85	0.85	0.85	0.9	0.9	0.9	0.9	0.9	0.9	0.9	0.9	0.9	0.9	0.9	0.9	0.9	0.9	0.9	0.9	0.9	0.9	0.9	0.9	0.9	0.95	0.95	0.95	0.95	0.95	0.95	0.95	0.95	0.95	0.95	0.95	0.95	0.95	0.95	0.95	0.95	0.95	0.95	0.95	0.95	0.95	1	1	1	1	1	1	1	1	1	1	1	1	1	1	1	1	1	1	1	1	1
0.03353173163	0.03166994367	0.03818697391	0.04637321709	0.05698114745	0.06739479196	0.07778837197	0.08652257379	0.0933826607	0.09753333249	0.09899797565	0.09753333249	0.0933826607	0.08652257379	0.07778837197	0.06739479196	0.05698114745	0.04637321709	0.03818697391	0.03166994367	0.03353173163	0.03166994367	0.02716483466	0.03120996013	0.03710653981	0.04520887948	0.05334238574	0.06161128167	0.06861175588	0.07409944586	0.07738490755	0.07853605286	0.07738490755	0.07409944586	0.06861175588	0.06161128167	0.05334238574	0.04520887948	0.03710653981	0.03120996013	0.02716483466	0.03166994367	0.03818697391	0.03120996013	0.03376312426	0.03844163608	0.04537314292	0.05220590486	0.05911404702	0.06468875325	0.06892188056	0.07131114814	0.0721491099	0.07131114814	0.06892188056	0.06468875325	0.05911404702	0.05220590486	0.04537314292	0.03844163608	0.03376312426	0.03120996013	0.03818697391	0.04637321709	0.03710653981	0.03844163608	0.04218617789	0.04826674843	0.05395935627	0.05951375327	0.06354163543	0.06646312117	0.06798906765	0.06855492223	0.06798906765	0.06646312117	0.06354163543	0.05951375327	0.05395935627	0.04826674843	0.04218617789	0.03844163608	0.03710653981	0.04637321709	0.05698114745	0.04520887948	0.04537314292	0.04826674843	0.05360995605	0.05815040528	0.06232625973	0.06490241948	0.06688680986	0.06802663597	0.0685515941	0.06802663597	0.06688680986	0.06490241948	0.06232625973	0.05815040528	0.05360995605	0.04826674843	0.04537314292	0.04520887948	0.05698114745	0.06739479196	0.05334238574	0.05220590486	0.05395935627	0.05815040528	0.06111994269	0.0637213041	0.06510441662	0.06684982804	0.0683762246	0.06919960406	0.0683762246	0.06684982804	0.06510441662	0.0637213041	0.06111994269	0.05815040528	0.05395935627	0.05220590486	0.05334238574	0.06739479196	0.07778837197	0.06161128167	0.05911404702	0.05951375327	0.06232625973	0.0637213041	0.06521674582	0.06633116216	0.06886033298	0.07149408212	0.07286310242	0.07149408212	0.06886033298	0.06633116216	0.06521674582	0.0637213041	0.06232625973	0.05951375327	0.05911404702	0.06161128167	0.07778837197	0.08652257379	0.06861175588	0.06468875325	0.06354163543	0.06490241948	0.06510441662	0.06633116216	0.06801063369	0.0714831743	0.07474702651	0.07633074032	0.07474702651	0.0714831743	0.06801063369	0.06633116216	0.06510441662	0.06490241948	0.06354163543	0.06468875325	0.06861175588	0.08652257379	0.0933826607	0.07409944586	0.06892188056	0.06646312117	0.06688680986	0.06684982804	0.06886033298	0.0714831743	0.07497450306	0.07722202461	0.07818014021	0.07722202461	0.07497450306	0.0714831743	0.06886033298	0.06684982804	0.06688680986	0.06646312117	0.06892188056	0.07409944586	0.0933826607	0.09753333249	0.07738490755	0.07131114814	0.06798906765	0.06802663597	0.0683762246	0.07149408212	0.07474702651	0.07722202461	0.07725392713	0.0770421444	0.07725392713	0.07722202461	0.07474702651	0.07149408212	0.0683762246	0.06802663597	0.06798906765	0.07131114814	0.07738490755	0.09753333249	0.09899797565	0.07853605286	0.0721491099	0.06855492223	0.0685515941	0.06919960406	0.07286310242	0.07633074032	0.07818014021	0.0770421444	0.07622971209	0.0770421444	0.07818014021	0.07633074032	0.07286310242	0.06919960406	0.0685515941	0.06855492223	0.0721491099	0.07853605286	0.09899797565	0.09753333249	0.07738490755	0.07131114814	0.06798906765	0.06802663597	0.0683762246	0.07149408212	0.07474702651	0.07722202461	0.07725392713	0.0770421444	0.07725392713	0.07722202461	0.07474702651	0.07149408212	0.0683762246	0.06802663597	0.06798906765	0.07131114814	0.07738490755	0.09753333249	0.0933826607	0.07409944586	0.06892188056	0.06646312117	0.06688680986	0.06684982804	0.06886033298	0.0714831743	0.07497450306	0.07722202461	0.07818014021	0.07722202461	0.07497450306	0.0714831743	0.06886033298	0.06684982804	0.06688680986	0.06646312117	0.06892188056	0.07409944586	0.0933826607	0.08652257379	0.06861175588	0.06468875325	0.06354163543	0.06490241948	0.06510441662	0.06633116216	0.06801063369	0.0714831743	0.07474702651	0.07633074032	0.07474702651	0.0714831743	0.06801063369	0.06633116216	0.06510441662	0.06490241948	0.06354163543	0.06468875325	0.06861175588	0.08652257379	0.07778837197	0.06161128167	0.05911404702	0.05951375327	0.06232625973	0.0637213041	0.06521674582	0.06633116216	0.06886033298	0.07149408212	0.07286310242	0.07149408212	0.06886033298	0.06633116216	0.06521674582	0.0637213041	0.06232625973	0.05951375327	0.05911404702	0.06161128167	0.07778837197	0.06739479196	0.05334238574	0.05220590486	0.05395935627	0.05815040528	0.06111994269	0.0637213041	0.06510441662	0.06684982804	0.0683762246	0.06919960406	0.0683762246	0.06684982804	0.06510441662	0.0637213041	0.06111994269	0.05815040528	0.05395935627	0.05220590486	0.05334238574	0.06739479196	0.05698114745	0.04520887948	0.04537314292	0.04826674843	0.05360995605	0.05815040528	0.06232625973	0.06490241948	0.06688680986	0.06802663597	0.0685515941	0.06802663597	0.06688680986	0.06490241948	0.06232625973	0.05815040528	0.05360995605	0.04826674843	0.04537314292	0.04520887948	0.05698114745	0.04637321709	0.03710653981	0.03844163608	0.04218617789	0.04826674843	0.05395935627	0.05951375327	0.06354163543	0.06646312117	0.06798906765	0.06855492223	0.06798906765	0.06646312117	0.06354163543	0.05951375327	0.05395935627	0.04826674843	0.04218617789	0.03844163608	0.03710653981	0.04637321709	0.03818697391	0.03120996013	0.03376312426	0.03844163608	0.04537314292	0.05220590486	0.05911404702	0.06468875325	0.06892188056	0.07131114814	0.0721491099	0.07131114814	0.06892188056	0.06468875325	0.05911404702	0.05220590486	0.04537314292	0.03844163608	0.03376312426	0.03120996013	0.03818697391	0.03166994367	0.02716483466	0.03120996013	0.03710653981	0.04520887948	0.05334238574	0.06161128167	0.06861175588	0.07409944586	0.07738490755	0.07853605286	0.07738490755	0.07409944586	0.06861175588	0.06161128167	0.05334238574	0.04520887948	0.03710653981	0.03120996013	0.02716483466	0.03166994367	0.03353173163	0.03166994367	0.03818697391	0.04637321709	0.05698114745	0.06739479196	0.07778837197	0.08652257379	0.0933826607	0.09753333249	0.09899797565	0.09753333249	0.0933826607	0.08652257379	0.07778837197	0.06739479196	0.05698114745	0.04637321709	0.03818697391	0.03166994367	0.03353173163
-0.00212998792	-0.009874391496	-0.01566399961	-0.01919025273	-0.02154848865	-0.02174767877	-0.02043524861	-0.01718127131	-0.01254560304	-0.006599537513	-1.623600417e-18	0.006599537513	0.01254560304	0.01718127131	0.02043524861	0.02174767877	0.02154848865	0.01919025273	0.01566399961	0.009874391496	0.00212998792	-0.002214722594	-0.01270572548	-0.0205587116	-0.02539118933	-0.02864156308	-0.02902435769	-0.02739261666	-0.02308541094	-0.01684443698	-0.008838633982	-8.359703296e-20	0.008838633982	0.01684443698	0.02308541094	0.02739261666	0.02902435769	0.02864156308	0.02539118933	0.0205587116	0.01270572548	0.002214722594	-0.002043761787	-0.01513685633	-0.02497185356	-0.03092281133	-0.03475262577	-0.03496695015	-0.03275958057	-0.02730182855	-0.01967574437	-0.01020068835	-6.213011854e-18	0.01020068835	0.01967574437	0.02730182855	0.03275958057	0.03496695015	0.03475262577	0.03092281133	0.02497185356	0.01513685633	0.002043761787	-0.001726292522	-0.01693994531	-0.028459526	-0.0353602671	-0.03960787302	-0.03948887576	-0.03655068144	-0.02990317575	-0.02112939514	-0.01075623706	-4.337458367e-18	0.01075623706	0.02112939514	0.02990317575	0.03655068144	0.03948887576	0.03960787302	0.0353602671	0.028459526	0.01693994531	0.001726292522	-0.001258668511	-0.01873741389	-0.03228171168	-0.04038293198	-0.04510795284	-0.04443016399	-0.04040287775	-0.03224464466	-0.02224307986	-0.01108967021	-1.355552693e-17	0.01108967021	0.02224307986	0.03224464466	0.04040287775	0.04443016399	0.04510795284	0.04038293198	0.03228171168	0.01873741389	0.001258668511	-0.0006097486938	-0.01981045912	-0.03518155046	-0.04436103357	-0.04932980891	-0.04779164442	-0.04248024451	-0.03296877177	-0.0222483597	-0.01091355741	-5.712387656e-19	0.01091355741	0.0222483597	0.03296877177	0.04248024451	0.04779164442	0.04932980891	0.04436103357	0.03518155046	0.01981045912	0.0006097486938	6.858590712e-05	-0.02060669983	-0.03773546897	-0.04786091676	-0.05281930946	-0.05017349838	-0.04358790309	-0.03313645698	-0.02225734507	-0.01096491027	-6.501463781e-18	0.01096491027	0.02225734507	0.03313645698	0.04358790309	0.05017349838	0.05281930946	0.04786091676	0.03773546897	0.02060669983	-6.858590712e-05	0.0007491085174	-0.02081385402	-0.03920814912	-0.04983364041	-0.05445568076	-0.05074937246	-0.04340961708	-0.03291429818	-0.02262426752	-0.01150092804	-1.412554989e-17	0.01150092804	0.02262426752	0.03291429818	0.04340961708	0.05074937246	0.05445568076	0.04983364041	0.03920814912	0.02081385402	-0.0007491085174	0.001298423761	-0.02081448192	-0.04002602174	-0.05081882327	-0.05507582253	-0.05075684851	-0.04343003587	-0.03363449813	-0.02418522051	-0.01285401275	-1.374103267e-18	0.01285401275	0.02418522051	0.03363449813	0.04343003587	0.05075684851	0.05507582253	0.05081882327	0.04002602174	0.02081448192	-0.001298423761	0.001686842945	-0.02061014687	-0.04015979294	-0.05089738104	-0.05491197387	-0.05046658709	-0.04364739867	-0.0347924824	-0.02605908039	-0.01431930313	6.206170964e-18	0.01431930313	0.02605908039	0.0347924824	0.04364739867	0.05046658709	0.05491197387	0.05089738104	0.04015979294	0.02061014687	-0.001686842945	0.001814962725	-0.02054944858	-0.04019883386	-0.05090100517	-0.05485351788	-0.05044288789	-0.04391638694	-0.03547616904	-0.02698907637	-0.01500044625	5.226679265e-19	0.01500044625	0.02698907637	0.03547616904	0.04391638694	0.05044288789	0.05485351788	0.05090100517	0.04019883386	0.02054944858	-0.001814962725	0.001686842945	-0.02061014687	-0.04015979294	-0.05089738104	-0.05491197387	-0.05046658709	-0.04364739867	-0.0347924824	-0.02605908039	-0.01431930313	1.676637057e-17	0.01431930313	0.02605908039	0.0347924824	0.04364739867	0.05046658709	0.05491197387	0.05089738104	0.04015979294	0.02061014687	-0.001686842945	0.001298423761	-0.02081448192	-0.04002602174	-0.05081882327	-0.05507582253	-0.05075684851	-0.04343003587	-0.03363449813	-0.02418522051	-0.01285401275	3.376836937e-19	0.01285401275	0.02418522051	0.03363449813	0.04343003587	0.05075684851	0.05507582253	0.05081882327	0.04002602174	0.02081448192	-0.001298423761	0.0007491085174	-0.02081385402	-0.03920814912	-0.04983364041	-0.05445568076	-0.05074937246	-0.04340961708	-0.03291429818	-0.02262426752	-0.01150092804	1.371385669e-17	0.01150092804	0.02262426752	0.03291429818	0.04340961708	0.05074937246	0.05445568076	0.04983364041	0.03920814912	0.02081385402	-0.0007491085174	6.858590712e-05	-0.02060669983	-0.03773546897	-0.04786091676	-0.05281930946	-0.05017349838	-0.04358790309	-0.03313645698	-0.02225734507	-0.01096491027	2.057850002e-18	0.01096491027	0.02225734507	0.03313645698	0.04358790309	0.05017349838	0.05281930946	0.04786091676	0.03773546897	0.02060669983	-6.858590712e-05	-0.0006097486938	-0.01981045912	-0.03518155046	-0.04436103357	-0.04932980891	-0.04779164442	-0.04248024451	-0.03296877177	-0.0222483597	-0.01091355741	1.796701551e-17	0.01091355741	0.0222483597	0.03296877177	0.04248024451	0.04779164442	0.04932980891	0.04436103357	0.03518155046	0.01981045912	0.0006097486938	-0.001258668511	-0.01873741389	-0.03228171168	-0.04038293198	-0.04510795284	-0.04443016399	-0.04040287775	-0.03224464466	-0.02224307986	-0.01108967021	9.563781981e-18	0.01108967021	0.02224307986	0.03224464466	0.04040287775	0.04443016399	0.04510795284	0.04038293198	0.03228171168	0.01873741389	0.001258668511	-0.001726292522	-0.01693994531	-0.028459526	-0.0353602671	-0.03960787302	-0.03948887576	-0.03655068144	-0.02990317575	-0.02112939514	-0.01075623706	-4.173505392e-18	0.01075623706	0.02112939514	0.02990317575	0.03655068144	0.03948887576	0.03960787302	0.0353602671	0.028459526	0.01693994531	0.001726292522	-0.002043761787	-0.01513685633	-0.02497185356	-0.03092281133	-0.03475262577	-0.03496695015	-0.03275958057	-0.02730182855	-0.01967574437	-0.01020068835	7.93746385e-19	0.01020068835	0.01967574437	0.02730182855	0.03275958057	0.03496695015	0.03475262577	0.03092281133	0.02497185356	0.01513685633	0.002043761787	-0.002214722594	-0.01270572548	-0.0205587116	-0.02539118933	-0.02864156308	-0.02902435769	-0.02739261666	-0.02308541094	-0.01684443698	-0.008838633982	-4.495455965e-18	0.008838633982	0.01684443698	0.02308541094	0.02739261666	0.02902435769	0.02864156308	0.02539118933	0.0205587116	0.01270572548	0.002214722594	-0.00212998792	-0.009874391496	-0.01566399961	-0.01919025273	-0.02154848865	-0.02174767877	-0.02043524861	-0.01718127131	-0.01254560304	-0.006599537513	-2.806777915e-18	0.006599537513	0.01254560304	0.01718127131	0.02043524861	0.02174767877	0.02154848865	0.01919025273	0.01566399961	0.009874391496	0.00212998792
-0.00212998792	-0.002214722594	-0.002043761787	-0.001726292522	-0.001258668511	-0.0006097486938	6.858590712e-05	0.0007491085174	0.001298423761	0.001686842945	0.001814962725	0.001686842945	0.001298423761	0.0007491085174	6.858590712e-05	-0.0006097486938	-0.001258668511	-0.001726292522	-0.002043761787	-0.002214722594	-0.00212998792	-0.009874391496	-0.01270572548	-0.01513685633	-0.01693994531	-0.01873741389	-0.01981045912	-0.02060669983	-0.02081385402	-0.02081448192	-0.02061014687	-0.02054944858	-0.02061014687	-0.02081448192	-0.02081385402	-0.02060669983	-0.01981045912	-0.01873741389	-0.01693994531	-0.01513685633	-0.01270572548	-0.009874391496	-0.01566399961	-0.0205587116	-0.02497185356	-0.028459526	-0.03228171168	-0.03518155046	-0.03773546897	-0.03920814912	-0.04002602174	-0.04015979294	-0.04019883386	-0.04015979294	-0.04002602174	-0.03920814912	-0.03773546897	-0.03518155046	-0.03228171168	-0.028459526	-0.02497185356	-0.0205587116	-0.01566399961	-0.01919025273	-0.02539118933	-0.03092281133	-0.0353602671	-0.04038293198	-0.04436103357	-0.04786091676	-0.04983364041	-0.05081882327	-0.05089738104	-0.05090100517	-0.05089738104	-0.05081882327	-0.04983364041	-0.04786091676	-0.04436103357	-0.04038293198	-0.0353602671	-0.03092281133	-0.02539118933	-0.01919025273	-0.02154848865	-0.02864156308	-0.03475262577	-0.03960787302	-0.04510795284	-0.04932980891	-0.05281930946	-0.05445568076	-0.05507582253	-0.05491197387	-0.05485351788	-0.05491197387	-0.05507582253	-0.05445568076	-0.05281930946	-0.04932980891	-0.04510795284	-0.03960787302	-0.03475262577	-0.02864156308	-0.02154848865	-0.02174767877	-0.02902435769	-0.03496695015	-0.03948887576	-0.04443016399	-0.04779164442	-0.05017349838	-0.05074937246	-0.05075684851	-0.05046658709	-0.05044288789	-0.05046658709	-0.05075684851	-0.05074937246	-0.05017349838	-0.04779164442	-0.04443016399	-0.03948887576	-0.03496695015	-0.02902435769	-0.02174767877	-0.02043524861	-0.02739261666	-0.03275958057	-0.03655068144	-0.04040287775	-0.04248024451	-0.04358790309	-0.04340961708	-0.04343003587	-0.04364739867	-0.04391638694	-0.04364739867	-0.04343003587	-0.04340961708	-0.04358790309	-0.04248024451	-0.04040287775	-0.03655068144	-0.03275958057	-0.02739261666	-0.02043524861	-0.01718127131	-0.02308541094	-0.02730182855	-0.02990317575	-0.03224464466	-0.03296877177	-0.03313645698	-0.03291429818	-0.03363449813	-0.0347924824	-0.03547616904	-0.0347924824	-0.03363449813	-0.03291429818	-0.03313645698	-0.03296877177	-0.03224464466	-0.02990317575	-0.02730182855	-0.02308541094	-0.01718127131	-0.01254560304	-0.01684443698	-0.01967574437	-0.02112939514	-0.02224307986	-0.0222483597	-0.02225734507	-0.02262426752	-0.02418522051	-0.02605908039	-0.02698907637	-0.02605908039	-0.02418522051	-0.02262426752	-0.02225734507	-0.0222483597	-0.02224307986	-0.02112939514	-0.01967574437	-0.01684443698	-0.01254560304	-0.006599537513	-0.008838633982	-0.01020068835	-0.01075623706	-0.01108967021	-0.01091355741	-0.01096491027	-0.01150092804	-0.01285401275	-0.01431930313	-0.01500044625	-0.01431930313	-0.01285401275	-0.01150092804	-0.01096491027	-0.01091355741	-0.01108967021	-0.01075623706	-0.01020068835	-0.008838633982	-0.006599537513	-3.146933941e-18	-2.398503137e-18	-9.769802949e-18	-1.912163582e-19	-1.593366602e-17	-1.064388724e-17	9.202145743e-19	-3.071815104e-18	3.37453344e-18	1.825634717e-17	-6.250414147e-18	1.331034493e-17	-1.557820213e-17	1.30014647e-17	-9.82279513e-18	7.1072065e-18	-5.237535752e-18	3.747869641e-18	-2.081285367e-18	-2.177149802e-18	-9.768775361e-20	0.006599537513	0.008838633982	0.01020068835	0.01075623706	0.01108967021	0.01091355741	0.01096491027	0.01150092804	0.01285401275	0.01431930313	0.01500044625	0.01431930313	0.01285401275	0.01150092804	0.01096491027	0.01091355741	0.01108967021	0.01075623706	0.01020068835	0.008838633982	0.006599537513	0.01254560304	0.01684443698	0.01967574437	0.02112939514	0.02224307986	0.0222483597	0.02225734507	0.02262426752	0.02418522051	0.02605908039	0.02698907637	0.02605908039	0.02418522051	0.02262426752	0.02225734507	0.0222483597	0.02224307986	0.02112939514	0.01967574437	0.01684443698	0.01254560304	0.01718127131	0.02308541094	0.02730182855	0.02990317575	0.03224464466	0.03296877177	0.03313645698	0.03291429818	0.03363449813	0.0347924824	0.03547616904	0.0347924824	0.03363449813	0.03291429818	0.03313645698	0.03296877177	0.03224464466	0.02990317575	0.02730182855	0.02308541094	0.01718127131	0.02043524861	0.02739261666	0.03275958057	0.03655068144	0.04040287775	0.04248024451	0.04358790309	0.04340961708	0.04343003587	0.04364739867	0.04391638694	0.04364739867	0.04343003587	0.04340961708	0.04358790309	0.04248024451	0.04040287775	0.03655068144	0.03275958057	0.02739261666	0.02043524861	0.02174767877	0.02902435769	0.03496695015	0.03948887576	0.04443016399	0.04779164442	0.05017349838	0.05074937246	0.05075684851	0.05046658709	0.05044288789	0.05046658709	0.05075684851	0.05074937246	0.05017349838	0.04779164442	0.04443016399	0.03948887576	0.03496695015	0.02902435769	0.02174767877	0.02154848865	0.02864156308	0.03475262577	0.03960787302	0.04510795284	0.04932980891	0.05281930946	0.05445568076	0.05507582253	0.05491197387	0.05485351788	0.05491197387	0.05507582253	0.05445568076	0.05281930946	0.04932980891	0.04510795284	0.03960787302	0.03475262577	0.02864156308	0.02154848865	0.01919025273	0.02539118933	0.03092281133	0.0353602671	0.04038293198	0.04436103357	0.04786091676	0.04983364041	0.05081882327	0.05089738104	0.05090100517	0.05089738104	0.05081882327	0.04983364041	0.04786091676	0.04436103357	0.04038293198	0.0353602671	0.03092281133	0.02539118933	0.01919025273	0.01566399961	0.0205587116	0.02497185356	0.028459526	0.03228171168	0.03518155046	0.03773546897	0.03920814912	0.04002602174	0.04015979294	0.04019883386	0.04015979294	0.04002602174	0.03920814912	0.03773546897	0.03518155046	0.03228171168	0.028459526	0.02497185356	0.0205587116	0.01566399961	0.009874391496	0.01270572548	0.01513685633	0.01693994531	0.01873741389	0.01981045912	0.02060669983	0.02081385402	0.02081448192	0.02061014687	0.02054944858	0.02061014687	0.02081448192	0.02081385402	0.02060669983	0.01981045912	0.01873741389	0.01693994531	0.01513685633	0.01270572548	0.009874391496	0.00212998792	0.002214722594	0.002043761787	0.001726292522	0.001258668511	0.0006097486938	-6.858590712e-05	-0.0007491085174	-0.001298423761	-0.001686842945	-0.001814962725	-0.001686842945	-0.001298423761	-0.0007491085174	-6.858590712e-05	0.0006097486938	0.001258668511	0.001726292522	0.002043761787	0.002214722594	0.00212998792
0.008941638238	0.01194062553	0.01391549359	0.01512052309	0.01603903537	0.01608350597	0.01579001341	0.01502358477	0.01435859033	0.01378895731	0.01363804955	0.01378895731	0.01435859033	0.01502358477	0.01579001341	0.01608350597	0.01603903537	0.01512052309	0.01391549359	0.01194062553	0.008941638238	0.01194062553	0.01672392045	0.01963774904	0.02142785478	0.02290558168	0.02327443115	0.02324907114	0.02253356428	0.02181349446	0.02108434323	0.02087499638	0.02108434323	0.02181349446	0.02253356428	0.02324907114	0.02327443115	0.02290558168	0.02142785478	0.01963774904	0.01672392045	0.01194062553	0.01391549359	0.01963774904	0.02214814633	0.02297657946	0.02313604178	0.02194058871	0.02035636028	0.01810902623	0.01609626448	0.01442467162	0.01388989499	0.01442467162	0.01609626448	0.01810902623	0.02035636028	0.02194058871	0.02313604178	0.02297657946	0.02214814633	0.01963774904	0.01391549359	0.01512052309	0.02142785478	0.02297657946	0.02229958211	0.02050909744	0.01712035511	0.01330115307	0.008848577311	0.004964893961	0.00197481762	0.0009856408874	0.00197481762	0.004964893961	0.008848577311	0.01330115307	0.01712035511	0.02050909744	0.02229958211	0.02297657946	0.02142785478	0.01512052309	0.01603903537	0.02290558168	0.02313604178	0.02050909744	0.01614737528	0.009813555289	0.002865267325	-0.004737594482	-0.0113115891	-0.01616934441	-0.01779914874	-0.01616934441	-0.0113115891	-0.004737594482	0.002865267325	0.009813555289	0.01614737528	0.02050909744	0.02313604178	0.02290558168	0.01603903537	0.01608350597	0.02327443115	0.02194058871	0.01712035511	0.009813555289	8.198186364e-05	-0.01056717093	-0.02189627886	-0.03163371915	-0.03864098045	-0.04100290776	-0.03864098045	-0.03163371915	-0.02189627886	-0.01056717093	8.198186364e-05	0.009813555289	0.01712035511	0.02194058871	0.02327443115	0.01608350597	0.01579001341	0.02324907114	0.02035636028	0.01330115307	0.002865267325	-0.01056717093	-0.02529730429	-0.04065592192	-0.05368791193	-0.06283104519	-0.06589586369	-0.06283104519	-0.05368791193	-0.04065592192	-0.02529730429	-0.01056717093	0.002865267325	0.01330115307	0.02035636028	0.02324907114	0.01579001341	0.01502358477	0.02253356428	0.01810902623	0.008848577311	-0.004737594482	-0.02189627886	-0.04065592192	-0.05975162462	-0.07555822447	-0.08628622844	-0.08981862282	-0.08628622844	-0.07555822447	-0.05975162462	-0.04065592192	-0.02189627886	-0.004737594482	0.008848577311	0.01810902623	0.02253356428	0.01502358477	0.01435859033	0.02181349446	0.01609626448	0.004964893961	-0.0113115891	-0.03163371915	-0.05368791193	-0.07555822447	-0.09304198733	-0.1044113903	-0.1080353801	-0.1044113903	-0.09304198733	-0.07555822447	-0.05368791193	-0.03163371915	-0.0113115891	0.004964893961	0.01609626448	0.02181349446	0.01435859033	0.01378895731	0.02108434323	0.01442467162	0.00197481762	-0.01616934441	-0.03864098045	-0.06283104519	-0.08628622844	-0.1044113903	-0.1157008871	-0.119164078	-0.1157008871	-0.1044113903	-0.08628622844	-0.06283104519	-0.03864098045	-0.01616934441	0.00197481762	0.01442467162	0.02108434323	0.01378895731	0.01363804955	0.02087499638	0.01388989499	0.0009856408874	-0.01779914874	-0.04100290776	-0.06589586369	-0.08981862282	-0.1080353801	-0.119164078	-0.1225134347	-0.119164078	-0.1080353801	-0.08981862282	-0.06589586369	-0.04100290776	-0.01779914874	0.0009856408874	0.01388989499	0.02087499638	0.01363804955	0.01378895731	0.02108434323	0.01442467162	0.00197481762	-0.01616934441	-0.03864098045	-0.06283104519	-0.08628622844	-0.1044113903	-0.1157008871	-0.119164078	-0.1157008871	-0.1044113903	-0.08628622844	-0.06283104519	-0.03864098045	-0.01616934441	0.00197481762	0.01442467162	0.02108434323	0.01378895731	0.01435859033	0.02181349446	0.01609626448	0.004964893961	-0.0113115891	-0.03163371915	-0.05368791193	-0.07555822447	-0.09304198733	-0.1044113903	-0.1080353801	-0.1044113903	-0.09304198733	-0.07555822447	-0.05368791193	-0.03163371915	-0.0113115891	0.004964893961	0.01609626448	0.02181349446	0.01435859033	0.01502358477	0.02253356428	0.01810902623	0.008848577311	-0.004737594482	-0.02189627886	-0.04065592192	-0.05975162462	-0.07555822447	-0.08628622844	-0.08981862282	-0.08628622844	-0.07555822447	-0.05975162462	-0.04065592192	-0.02189627886	-0.004737594482	0.008848577311	0.01810902623	0.02253356428	0.01502358477	0.01579001341	0.02324907114	0.02035636028	0.01330115307	0.002865267325	-0.01056717093	-0.02529730429	-0.04065592192	-0.05368791193	-0.06283104519	-0.06589586369	-0.06283104519	-0.05368791193	-0.04065592192	-0.02529730429	-0.01056717093	0.002865267325	0.01330115307	0.02035636028	0.02324907114	0.01579001341	0.01608350597	0.02327443115	0.02194058871	0.01712035511	0.009813555289	8.198186364e-05	-0.01056717093	-0.02189627886	-0.03163371915	-0.03864098045	-0.04100290776	-0.03864098045	-0.03163371915	-0.02189627886	-0.01056717093	8.198186364e-05	0.009813555289	0.01712035511	0.02194058871	0.02327443115	0.01608350597	0.01603903537	0.02290558168	0.02313604178	0.02050909744	0.01614737528	0.009813555289	0.002865267325	-0.004737594482	-0.0113115891	-0.01616934441	-0.01779914874	-0.01616934441	-0.0113115891	-0.004737594482	0.002865267325	0.009813555289	0.01614737528	0.02050909744	0.02313604178	0.02290558168	0.01603903537	0.01512052309	0.02142785478	0.02297657946	0.02229958211	0.02050909744	0.01712035511	0.01330115307	0.008848577311	0.004964893961	0.00197481762	0.0009856408874	0.00197481762	0.004964893961	0.008848577311	0.01330115307	0.01712035511	0.02050909744	0.02229958211	0.02297657946	0.02142785478	0.01512052309	0.01391549359	0.01963774904	0.02214814633	0.02297657946	0.02313604178	0.02194058871	0.02035636028	0.01810902623	0.01609626448	0.01442467162	0.01388989499	0.01442467162	0.01609626448	0.01810902623	0.02035636028	0.02194058871	0.02313604178	0.02297657946	0.02214814633	0.01963774904	0.01391549359	0.01194062553	0.01672392045	0.01963774904	0.02142785478	0.02290558168	0.02327443115	0.02324907114	0.02253356428	0.02181349446	0.02108434323	0.02087499638	0.02108434323	0.02181349446	0.02253356428	0.02324907114	0.02327443115	0.02290558168	0.02142785478	0.01963774904	0.01672392045	0.01194062553	0.008941638238	0.01194062553	0.01391549359	0.01512052309	0.01603903537	0.01608350597	0.01579001341	0.01502358477	0.01435859033	0.01378895731	0.01363804955	0.01378895731	0.01435859033	0.01502358477	0.01579001341	0.01608350597	0.01603903537	0.01512052309	0.01391549359	0.01194062553	0.008941638238
0.003131439024	0.002159317594	-0.0001350481705	-0.002797490529	-0.006078930651	-0.009624010969	-0.01301631403	-0.01591772139	-0.01796514916	-0.01921555487	-0.01958518318	-0.01921555487	-0.01796514916	-0.01591772139	-0.01301631403	-0.009624010969	-0.006078930651	-0.002797490529	-0.0001350481705	0.002159317594	0.003131439024	0.005471819855	0.004735412785	0.001657429091	-0.002077266559	-0.006694760393	-0.01172157317	-0.01655068636	-0.02083313591	-0.02404957135	-0.02617292625	-0.02684735797	-0.02617292625	-0.02404957135	-0.02083313591	-0.01655068636	-0.01172157317	-0.006694760393	-0.002077266559	0.001657429091	0.004735412785	0.005471819855	0.008501689977	0.00859802519	0.00517484537	0.0007718430348	-0.004592918366	-0.01034421573	-0.01572202825	-0.02051198584	-0.02411251077	-0.02655874999	-0.02732649166	-0.02655874999	-0.02411251077	-0.02051198584	-0.01572202825	-0.01034421573	-0.004592918366	0.0007718430348	0.00517484537	0.00859802519	0.008501689977	0.0113912701	0.0124515171	0.008792534186	0.003875335337	-0.001975624701	-0.008087299913	-0.0135824431	-0.01841507697	-0.02192221307	-0.02429802158	-0.02500091558	-0.02429802158	-0.02192221307	-0.01841507697	-0.0135824431	-0.008087299913	-0.001975624701	0.003875335337	0.008792534186	0.0124515171	0.0113912701	0.01463710768	0.01691179808	0.01299682299	0.007474963728	0.001040357476	-0.005490715139	-0.01108322125	-0.01585213969	-0.01903850389	-0.02110702754	-0.02163301123	-0.02110702754	-0.01903850389	-0.01585213969	-0.01108322125	-0.005490715139	0.001040357476	0.007474963728	0.01299682299	0.01691179808	0.01463710768	0.01761530828	0.02123146648	0.01713243536	0.01103967958	0.004020802862	-0.002926886243	-0.00859127427	-0.01319616844	-0.01585311353	-0.01738141529	-0.0176247476	-0.01738141529	-0.01585311353	-0.01319616844	-0.00859127427	-0.002926886243	0.004020802862	0.01103967958	0.01713243536	0.02123146648	0.01761530828	0.02031067982	0.02529351507	0.02103136462	0.01431447762	0.006540651125	-0.001047687867	-0.007002531262	-0.01155033208	-0.01362693566	-0.01448604719	-0.01437797635	-0.01448604719	-0.01362693566	-0.01155033208	-0.007002531262	-0.001047687867	0.006540651125	0.01431447762	0.02103136462	0.02529351507	0.02031067982	0.02236276044	0.02865616522	0.02436219908	0.01710201876	0.008561385002	0.0002635631514	-0.00607315938	-0.01058084276	-0.01201557135	-0.01210344757	-0.01159938904	-0.01210344757	-0.01201557135	-0.01058084276	-0.00607315938	0.0002635631514	0.008561385002	0.01710201876	0.02436219908	0.02865616522	0.02236276044	0.02378240923	0.03117264294	0.02687975619	0.01910654791	0.009757772167	0.0006308733572	-0.006281924294	-0.01094295697	-0.0119204629	-0.01135874612	-0.01050927174	-0.01135874612	-0.0119204629	-0.01094295697	-0.006281924294	0.0006308733572	0.009757772167	0.01910654791	0.02687975619	0.03117264294	0.02378240923	0.02457191691	0.03273297499	0.02849379021	0.02037742257	0.01043853907	0.0006703634894	-0.006728767379	-0.01156443936	-0.01226006914	-0.01124898499	-0.01015666134	-0.01124898499	-0.01226006914	-0.01156443936	-0.006728767379	0.0006703634894	0.01043853907	0.02037742257	0.02849379021	0.03273297499	0.02457191691	0.02482341331	0.03325144837	0.02901786583	0.02075391697	0.01056422087	0.0005156561369	-0.007115020702	-0.01206583695	-0.01269989663	-0.01154945124	-0.01037666339	-0.01154945124	-0.01269989663	-0.01206583695	-0.007115020702	0.0005156561369	0.01056422087	0.02075391697	0.02901786583	0.03325144837	0.02482341331	0.02457191691	0.03273297499	0.02849379021	0.02037742257	0.01043853907	0.0006703634894	-0.006728767379	-0.01156443936	-0.01226006914	-0.01124898499	-0.01015666134	-0.01124898499	-0.01226006914	-0.01156443936	-0.006728767379	0.0006703634894	0.01043853907	0.02037742257	0.02849379021	0.03273297499	0.02457191691	0.02378240923	0.03117264294	0.02687975619	0.01910654791	0.009757772167	0.0006308733572	-0.006281924294	-0.01094295697	-0.0119204629	-0.01135874612	-0.01050927174	-0.01135874612	-0.0119204629	-0.01094295697	-0.006281924294	0.0006308733572	0.009757772167	0.01910654791	0.02687975619	0.03117264294	0.02378240923	0.02236276044	0.02865616522	0.02436219908	0.01710201876	0.008561385002	0.0002635631514	-0.00607315938	-0.01058084276	-0.01201557135	-0.01210344757	-0.01159938904	-0.01210344757	-0.01201557135	-0.01058084276	-0.00607315938	0.0002635631514	0.008561385002	0.01710201876	0.02436219908	0.02865616522	0.02236276044	0.02031067982	0.02529351507	0.02103136462	0.01431447762	0.006540651125	-0.001047687867	-0.007002531262	-0.01155033208	-0.01362693566	-0.01448604719	-0.01437797635	-0.01448604719	-0.01362693566	-0.01155033208	-0.007002531262	-0.001047687867	0.006540651125	0.01431447762	0.02103136462	0.02529351507	0.02031067982	0.01761530828	0.02123146648	0.01713243536	0.01103967958	0.004020802862	-0.002926886243	-0.00859127427	-0.01319616844	-0.01585311353	-0.01738141529	-0.0176247476	-0.01738141529	-0.01585311353	-0.01319616844	-0.00859127427	-0.002926886243	0.004020802862	0.01103967958	0.01713243536	0.02123146648	0.01761530828	0.01463710768	0.01691179808	0.01299682299	0.007474963728	0.001040357476	-0.005490715139	-0.01108322125	-0.01585213969	-0.01903850389	-0.02110702754	-0.02163301123	-0.02110702754	-0.01903850389	-0.01585213969	-0.01108322125	-0.005490715139	0.001040357476	0.007474963728	0.01299682299	0.01691179808	0.01463710768	0.0113912701	0.0124515171	0.008792534186	0.003875335337	-0.001975624701	-0.008087299913	-0.0135824431	-0.01841507697	-0.02192221307	-0.02429802158	-0.02500091558	-0.02429802158	-0.02192221307	-0.01841507697	-0.0135824431	-0.008087299913	-0.001975624701	0.003875335337	0.008792534186	0.0124515171	0.0113912701	0.008501689977	0.00859802519	0.00517484537	0.0007718430348	-0.004592918366	-0.01034421573	-0.01572202825	-0.02051198584	-0.02411251077	-0.02655874999	-0.02732649166	-0.02655874999	-0.02411251077	-0.02051198584	-0.01572202825	-0.01034421573	-0.004592918366	0.0007718430348	0.00517484537	0.00859802519	0.008501689977	0.005471819855	0.004735412785	0.001657429091	-0.002077266559	-0.006694760393	-0.01172157317	-0.01655068636	-0.02083313591	-0.02404957135	-0.02617292625	-0.02684735797	-0.02617292625	-0.02404957135	-0.02083313591	-0.01655068636	-0.01172157317	-0.006694760393	-0.002077266559	0.001657429091	0.004735412785	0.005471819855	0.003131439024	0.002159317594	-0.0001350481705	-0.002797490529	-0.006078930651	-0.009624010969	-0.01301631403	-0.01591772139	-0.01796514916	-0.01921555487	-0.01958518318	-0.01921555487	-0.01796514916	-0.01591772139	-0.01301631403	-0.009624010969	-0.006078930651	-0.002797490529	-0.0001350481705	0.002159317594	0.003131439024
